0	1.0	0.0	0.0	0.0	1.0	0.0
1	1.0	-0.0	0.0	0.0	1.0	0.0
2	1.000016890415557	-1.4969024326580311e-05	-0.024881871341249882	1.4969024326580311e-05	1.000016890415557	-0.03188112803888904
3	0.9999872640653167	2.9342046952595377e-06	0.009184760052381417	-2.9342046952595377e-06	0.9999872640653167	-0.001139015369846569
4	1.0001304397140722	3.063949702205293e-05	-0.21861918406087233	-3.063949702205293e-05	1.0001304397140722	-0.02411583580967106
5	1.00011043910223	5.562827987197029e-05	-0.1679695770366918	-5.562827987197029e-05	1.00011043910223	0.015400466670627038
6	1.0000593135946592	3.2134411267149494e-05	-0.09116230067275496	-3.2134411267149494e-05	1.0000593135946592	-0.007729817155511838
7	1.0000019235051365	2.1127963626683578e-06	0.0003115729793485458	-2.1127963626683578e-06	1.0000019235051365	0.0020447612539578955
8	0.9999898527239904	-4.872874018349936e-06	0.00355625718152634	4.872874018349936e-06	0.9999898527239904	-0.00035465739709072323
9	1.0001019925441985	4.274157956923549e-05	-0.10703379511324529	-4.274157956923549e-05	1.0001019925441985	0.005658725302689644
10	1.000033633719748	-1.1168625526692493e-05	0.01762075494367487	1.1168625526692493e-05	1.000033633719748	-0.03501640327376919
11	1.0000372993701272	2.1508730042914333e-05	0.04093036738716822	-2.1508730042914333e-05	1.0000372993701272	0.004516605480499243
12	1.0000072614480657	1.2858423713074212e-05	-0.010220271587951031	-1.2858423713074212e-05	1.0000072614480657	0.008685191568548904
13	0.9999451365234245	5.374806663543583e-05	0.09432311160128509	-5.374806663543583e-05	0.9999451365234245	0.04371564783988541
14	0.9999405413535333	4.951165897544407e-05	0.13918056879978163	-4.951165897544407e-05	0.9999405413535333	0.03900412402497144
15	1.0000225210330487	2.7233258186432677e-05	0.05830551678475983	-2.7233258186432677e-05	1.0000225210330487	0.001417344385600209
16	0.9999984557810856	8.979527481363476e-07	0.0005799739343014775	-8.979527481363476e-07	0.9999984557810856	0.0008512052082482562
17	0.9999940676597906	6.301281115287071e-06	0.0024996010758623656	-6.301281115287071e-06	0.9999940676597906	0.011798055298663748
18	1.0000244652393422	6.686600818812216e-05	0.04677855852509109	-6.686600818812216e-05	1.0000244652393422	0.023220329766853596
19	1.000062435895282	4.134795349395348e-05	-0.10620175839193488	-4.134795349395348e-05	1.000062435895282	0.03044839290984435
20	1.0000398804023645	1.946314152157537e-05	-0.08045057862942462	-1.946314152157537e-05	1.0000398804023645	0.00784621818608823
21	1.00000646783819	-1.6824661061610363e-05	0.00325172591970286	1.6824661061610363e-05	1.00000646783819	-0.02347890657870618
22	1.0000905377906315	4.1895611575629235e-05	-0.23833500151735398	-4.1895611575629235e-05	1.0000905377906315	0.033301574428669
23	1.0000055631360727	3.996268021853182e-05	-0.03237036962934582	-3.996268021853182e-05	1.0000055631360727	0.02630668953419195
24	0.9999658577863634	1.868728943590615e-05	-0.15790073648420305	-1.868728943590615e-05	0.9999658577863634	0.015493334376970858
25	0.9999910035716054	8.986354970213025e-06	0.0068291549163420895	-8.986354970213025e-06	0.9999910035716054	0.008203773258959185
26	0.9999216799233341	0.00010303018922398809	-0.023903230288507604	-0.00010303018922398809	0.9999216799233341	0.06409120758711673
27	1.000001206221197	-6.931000333880518e-06	-0.002936733346925373	6.931000333880518e-06	1.000001206221197	-0.010858653986890076
28	0.999997230338609	1.0404613987902025e-05	0.0024865199843675362	-1.0404613987902025e-05	0.999997230338609	0.007506077273128393
