0	1.0	0.0	0.0	0.0	1.0	0.0
1	1.0	-0.0	0.0	0.0	1.0	0.0
2	0.9996116135681117	0.011923000886280698	-8.276704008886036	-0.011923000886280698	0.9996116135681117	9.955781062267137
3	0.9994693726459166	0.0035680726353713938	-2.2109224466162076	-0.0035680726353713938	0.9994693726459166	1.514836920990472
4	0.994612101008949	-0.00014005117691009376	5.624112527598642	0.00014005117691009376	0.994612101008949	3.2911853309968184
5	0.9966649553334537	0.00034431799405180237	4.6234996886496535	-0.00034431799405180237	0.9966649553334537	2.1475735470591077
6	0.998938793714966	0.0003200706011018166	2.5237759817273187	-0.0003200706011018166	0.998938793714966	2.9724068645613686
7	1.0002097211752974	0.00015849179131479028	0.6868659841422645	-0.00015849179131479028	1.0002097211752974	-0.8661279034953363
8	1.0002359609872942	-0.00014456659132600785	1.3193076049164232	0.00014456659132600785	1.0002359609872942	1.3335114743438257
9	1.0000059030470219	0.0003134336236163404	1.0888950488871696	-0.0003134336236163404	1.0000059030470219	-1.9386363734579346
10	0.9997586593400262	0.00021555674156378252	-0.7272538075233544	-0.00021555674156378252	0.9997586593400262	-0.26213009847869295
11	1.0000298693456176	0.00033982543959139625	0.3037308816347433	-0.00033982543959139625	1.0000298693456176	-1.3500988802030107
12	1.0006810699160753	-3.81989122900411e-05	-0.2562357977590951	3.81989122900411e-05	1.0006810699160753	0.18962239731345082
13	1.0005659809403002	9.35623454651123e-05	-0.30449774728864804	-9.35623454651123e-05	1.0005659809403002	-0.9199680389195202
14	0.9999978642500984	0.0003908222211730832	0.4725471038018561	-0.0003908222211730832	0.9999978642500984	0.17346878966208934
15	1.0008802070373648	0.0005133565460046746	-0.5448047730591989	-0.0005133565460046746	1.0008802070373648	-1.615873633894783
16	0.9982259137709204	0.0017727572040395177	0.7516354877284721	-0.0017727572040395177	0.9982259137709204	1.6994821641261193
17	0.9995172703763393	-1.1181769459855289e-05	-0.3832470461031095	1.1181769459855289e-05	0.9995172703763393	-1.0008970572129465
18	0.999910182654022	0.0010534538429506904	1.697621704364552	-0.0010534538429506904	0.999910182654022	0.614921158146378
19	0.9990310465851154	0.0008840256565536274	2.791978413995775	-0.0008840256565536274	0.9990310465851154	-0.5394228702391013
20	0.9987513792958782	1.5468686438364268e-05	-0.7072507822238379	-1.5468686438364268e-05	0.9987513792958782	-0.9103502755418347
21	1.0014155958556883	2.4068266056337904e-05	-2.920308475538499	-2.4068266056337904e-05	1.0014155958556883	-1.6442658368907117
22	1.0001090911785866	-8.88699102180878e-06	-2.7052568481670214	8.88699102180878e-06	1.0001090911785866	-2.6840912328084126
23	0.9988462215386668	8.683229092681053e-05	0.3276689672408325	-8.683229092681053e-05	0.9988462215386668	0.8557036529755874
24	1.0000486301978146	0.00031384778081967884	-0.2676716153925547	-0.00031384778081967884	1.0000486301978146	-0.6232807490532212
25	1.0011429343098364	-9.061020896268114e-05	-1.8280677079950813	9.061020896268114e-05	1.0011429343098364	0.05962395009426255
26	0.9987746281366241	0.00027230498299956295	0.5951900193953441	-0.00027230498299956295	0.9987746281366241	3.323058499107935
27	0.9985981599031559	7.887155915451316e-05	0.24879916476188568	-7.887155915451316e-05	0.9985981599031559	3.0161505235130903
28	1.001803582054573	-1.8200554436733912e-05	-1.288599306724889	1.8200554436733912e-05	1.001803582054573	2.4912684904403464
29	0.9998816903251202	-0.0006324463848950235	-0.8374506188474227	0.0006324463848950235	0.9998816903251202	3.2728575512079714
30	0.9990472079606428	-0.0002898332309399331	1.225392375635706	0.0002898332309399331	0.9990472079606428	2.5401184970727435
31	0.9968323567498135	-1.7276964438936253e-05	2.0546373085270453	1.7276964438936253e-05	0.9968323567498135	3.9517828815348124
32	0.9972968425502396	7.515940319709565e-05	0.9694029899037327	-7.515940319709565e-05	0.9972968425502396	2.698419970408028
33	1.0010036777733622	-0.00019964398706096944	0.31644197047968226	0.00019964398706096944	1.0010036777733622	4.184233339233741
34	0.9993096645655789	0.0009691639824905879	0.9170308041750288	-0.0009691639824905879	0.9993096645655789	2.324614561499603
35	0.999411655076695	-7.773288501530686e-05	0.5898092163708962	7.773288501530686e-05	0.999411655076695	4.905093366028322
36	0.9997907710643278	0.0013177777570087602	1.6992056010619316	-0.0013177777570087602	0.9997907710643278	2.711393830312277
37	0.9998837430648452	0.0007831247713289629	2.8618708194297304	-0.0007831247713289629	0.9998837430648452	4.1979999689062
38	0.9983792213520238	0.0009116625498989588	6.08702160432731	-0.0009116625498989588	0.9983792213520238	3.3265895385870303
39	0.9995287165425507	-8.578130707643952e-06	2.7047832255867577	8.578130707643952e-06	0.9995287165425507	2.440526759925691
40	0.9997312199088468	0.0001451352891004332	2.3213022454628387	-0.0001451352891004332	0.9997312199088468	-0.07830521959865896
41	0.9994809215023499	0.00046496016803742045	1.7078910129708258	-0.00046496016803742045	0.9994809215023499	2.1248906515610613
42	0.9992363250978137	0.0003416165945495824	1.9354874793098336	-0.0003416165945495824	0.9992363250978137	1.781974277105792
43	0.9996302005544453	0.0011613626658609647	1.1899658556325663	-0.0011613626658609647	0.9996302005544453	3.6799082019708784
44	0.9997089904164935	0.0007200923827449723	2.9986482398817214	-0.0007200923827449723	0.9997089904164935	0.12537426442554167
45	0.9996980135697036	-4.057125261117464e-05	2.87289796327701	4.057125261117464e-05	0.9996980135697036	-0.17044684782584202
46	0.9997686854594373	0.000659140112487263	2.796547689579042	-0.000659140112487263	0.9997686854594373	-0.9045417809417734
47	1.0000067149737792	0.0002505429105185993	2.695427724872864	-0.0002505429105185993	1.0000067149737792	1.1258856866230609
48	1.0004361752197726	0.0006409258838226275	2.7380749760009566	-0.0006409258838226275	1.0004361752197726	-0.5568196272215664
49	0.9998321032172566	0.00017261427912862654	2.398221813748152	-0.00017261427912862654	0.9998321032172566	-0.8867324770501066
50	0.999052375945349	0.00040930898392047	2.0659024458339847	-0.00040930898392047	0.999052375945349	1.0878363169997147
51	1.0005286081546427	0.0003904599638189888	1.4109035886877066	-0.0003904599638189888	1.0005286081546427	-0.7724674486662257
52	1.0004649899302807	0.0005019566847729823	1.434518092824066	-0.0005019566847729823	1.0004649899302807	-0.859575247114202
53	0.9995538225276678	0.0007597167306287633	1.5753890067626743	-0.0007597167306287633	0.9995538225276678	-0.23736902638574212
54	1.000041486121067	-5.477095955118969e-05	0.7972675115863399	5.477095955118969e-05	1.000041486121067	-1.4091718071301333
55	1.0007543290477499	-0.0001265133890959927	-2.1820223095691627	0.0001265133890959927	1.0007543290477499	-1.428101406994597
56	1.0001579048168645	0.0006664489608554469	-0.46927222456215834	-0.0006664489608554469	1.0001579048168645	-0.09050127838579991
57	1.0014413115273244	0.0002142890903511904	0.7512934161864899	-0.0002142890903511904	1.0014413115273244	-0.36706550476195954
58	1.000338737477483	0.00021965324437287523	0.6687192784394216	-0.00021965324437287523	1.000338737477483	-2.079685665749296
59	0.9990205397963393	0.00020708302974933938	-0.06094394700266954	-0.00020708302974933938	0.9990205397963393	0.14167934292472623
60	1.00075454676592	0.0007073774824258685	-1.1204190244872574	-0.0007073774824258685	1.00075454676592	-0.6019188556407311
61	0.9998174642144769	-0.000709631934523425	-0.6310397707181373	0.000709631934523425	0.9998174642144769	-0.39715359826534585
62	1.0000880596454271	0.0005259956582261832	-0.7895503861491971	-0.0005259956582261832	1.0000880596454271	0.14444094087882836
63	1.00001503988681	-0.00039522891187629926	0.16001654315047115	0.00039522891187629926	1.00001503988681	0.2031074938304567
64	1.0002227479869321	-0.00011249002502273118	1.0115174267122564	0.00011249002502273118	1.0002227479869321	0.6685099225531304
65	0.999821513627117	-0.0004489516539898327	1.5106355364815747	0.0004489516539898327	0.999821513627117	0.8962190029928707
66	1.0007082462296142	-0.0003616665877037102	2.3658753597411817	0.0003616665877037102	1.0007082462296142	1.2046139576776553
67	1.0011804670830995	-0.00036531596748810044	0.0932373317373783	0.00036531596748810044	1.0011804670830995	-1.1290670040803805
68	1.0016506478998621	-0.000356554928076189	-1.9793971803083283	0.000356554928076189	1.0016506478998621	0.584526192923272
69	0.9977146566373967	-0.00021434878598004917	3.202824291813552	0.00021434878598004917	0.9977146566373967	1.0670649509984016
70	0.9954208081372331	0.0011238664237170025	4.359040373220465	-0.0011238664237170025	0.9954208081372331	4.554006750626193
71	1.0006888561533336	0.00012550119713442736	0.873413127660109	-0.00012550119713442736	1.0006888561533336	-1.2312930518230896
72	1.0008078067550372	0.0004092413732562617	-0.9509612459035983	-0.0004092413732562617	1.0008078067550372	1.6117474599442363
73	0.9989194175347716	-0.00031023720516514376	1.085750073559422	0.00031023720516514376	0.9989194175347716	0.382526085328612
74	1.0011423584049977	0.0012786465478826258	0.16705211511809318	-0.0012786465478826258	1.0011423584049977	1.4247456018866622
75	1.0004741576681573	0.00017617851290652891	1.0501907960450323	-0.00017617851290652891	1.0004741576681573	0.1768963269745476
76	1.0006180347795712	0.001173101342231359	1.3614390991133525	-0.001173101342231359	1.0006180347795712	0.406094337701174
77	1.000751053267429	0.0002579600993849042	2.798898946246673	-0.0002579600993849042	1.000751053267429	0.2688974728276682
78	0.9996408564740015	0.0004858729549529174	1.77621458418505	-0.0004858729549529174	0.9996408564740015	0.9252624900899618
79	0.9987052867288025	0.00010221702539107204	1.3311436835801624	-0.00010221702539107204	0.9987052867288025	-0.38602438909586545
80	0.9997484979938602	0.00029365782642625036	0.9874392603985315	-0.00029365782642625036	0.9997484979938602	-0.36885555202414094
81	0.9999637314730127	-6.225090533672293e-05	-0.1271799726272026	6.225090533672293e-05	0.9999637314730127	-0.9299892930793093
82	0.9996587825533054	0.0005261139255721718	0.23377137502124104	-0.0005261139255721718	0.9996587825533054	0.829089883246988
83	1.0004121656903355	-0.00016994042388911369	0.3362947627321184	0.00016994042388911369	1.0004121656903355	0.009963601298856812
84	1.0006255363076006	-1.6573378204548278e-05	-0.6887750842451963	1.6573378204548278e-05	1.0006255363076006	-0.044394082232890986
85	0.9996173803499588	0.000510688069110284	0.3647024485309287	-0.000510688069110284	0.9996173803499588	0.1860661490979143
86	1.0001802870720227	0.00027789029633515643	0.5237827916981627	-0.00027789029633515643	1.0001802870720227	-0.5969888978573196
87	1.0009421379902488	0.0006334713546439656	0.32805386065933734	-0.0006334713546439656	1.0009421379902488	-0.4431551914434715
88	1.000580768589198	0.00015159828212097575	-0.35153178611969027	-0.00015159828212097575	1.000580768589198	-2.1663359926913275
89	1.000193689348571	0.0010548029440024104	1.12678971348638	-0.0010548029440024104	1.000193689348571	0.2743278473482773
90	0.9992019277152876	-0.0003539459366623685	3.096264446596805	0.0003539459366623685	0.9992019277152876	-1.4203965055626828
91	0.9991365058166829	-1.4933125143256647e-05	1.6384705208675305	1.4933125143256647e-05	0.9991365058166829	-0.8052095778465922
92	1.0001077960528104	-5.03582599628325e-06	-0.16023913839223744	5.03582599628325e-06	1.0001077960528104	-0.6550867077886965
93	0.998542083742371	7.346203572671526e-05	0.5651520645640637	-7.346203572671526e-05	0.998542083742371	-0.2253118215477281
94	0.9990687792062827	-6.82635590561239e-05	1.7822334310828478	6.82635590561239e-05	0.9990687792062827	1.1572301828606322
95	0.9992620614683843	0.0003385366675037007	1.2171782894123344	-0.0003385366675037007	0.9992620614683843	0.15833172402908025
96	1.0003032765283555	0.0003415419871530735	0.8548048790278048	-0.0003415419871530735	1.0003032765283555	-0.6814371252063887
97	0.9995828200312937	0.00035274747938975596	0.4542071614963007	-0.00035274747938975596	0.9995828200312937	-1.1847768242511678
98	1.0009922725961733	0.0008962549298146823	-0.9875446162985693	-0.0008962549298146823	1.0009922725961733	0.040356898334204194
99	0.9994739254809117	0.00019601022168297709	0.6198103267297878	-0.00019601022168297709	0.9994739254809117	-0.28205313177063024
100	1.0000707464404666	0.0005212222068179051	-1.2723592213909416	-0.0005212222068179051	1.0000707464404666	2.239428133835838
101	0.9991448812375011	0.00037599463194674205	0.24008223194270273	-0.00037599463194674205	0.9991448812375011	1.398226779545428
102	1.000666035362757	0.0007586375593570357	1.0012779052407268	-0.0007586375593570357	1.000666035362757	0.7697610104158292
103	1.0013461048063026	0.00037702212923432574	0.6770792688845702	-0.00037702212923432574	1.0013461048063026	-2.1726278575503892
104	0.9997888175032802	1.0256235708813326e-05	0.11995535602157642	-1.0256235708813326e-05	0.9997888175032802	-1.1363040961735802
105	0.9995593372015085	-0.0003116334461289755	-0.643942769881072	0.0003116334461289755	0.9995593372015085	-2.2285094979908173
106	0.9990331807097502	-6.186630704681674e-05	1.0118495092533102	6.186630704681674e-05	0.9990331807097502	-0.31665603954439214
107	0.9997726874026169	0.00019715123588217285	1.0338924973961134	-0.00019715123588217285	0.9997726874026169	-0.7140088969049604
108	0.9993333476055005	0.0007157959919917201	1.453887411038528	-0.0007157959919917201	0.9993333476055005	0.6826240236886676
109	0.9996784981020336	-0.00016480932516443216	0.31369283754147653	0.00016480932516443216	0.9996784981020336	-0.02392497639239668
110	0.9994339494666531	0.0001842415826845833	-0.8350518843087881	-0.0001842415826845833	0.9994339494666531	-0.32498638666815316
111	1.0000975985749707	0.00022499603336021833	-0.09470833080861363	-0.00022499603336021833	1.0000975985749707	0.8687080072571165
112	1.001529043580461	0.0007828722242190265	0.2523871540892824	-0.0007828722242190265	1.001529043580461	0.7216426473645456
113	0.9990017241708762	0.000944748742413828	0.7225706504757524	-0.000944748742413828	0.9990017241708762	0.3996084413088651
114	0.9993077723438895	0.0006128738145134451	1.278280418400846	-0.0006128738145134451	0.9993077723438895	0.9494429102007181
115	1.0005182658620517	-8.413926749966218e-05	-0.00441909999786344	8.413926749966218e-05	1.0005182658620517	-0.6376349678676394
116	0.9986583159449525	0.0006157219481012844	0.48815550503204197	-0.0006157219481012844	0.9986583159449525	0.6818955381272966
117	0.9999155359185741	0.00047055825982286997	-0.52967512691984	-0.00047055825982286997	0.9999155359185741	-0.4364218221038256
118	1.0004673412854754	0.00034710448738185383	-1.8446110127272313	-0.00034710448738185383	1.0004673412854754	1.4819464270274079
119	0.9992172543069416	6.517347806504206e-05	0.206013196953574	-6.517347806504206e-05	0.9992172543069416	2.4438416762251145
120	1.0000655070774565	-4.214009795800574e-05	-0.009037985421582465	4.214009795800574e-05	1.0000655070774565	1.1675297249746897
121	0.9980248556377823	0.0003778461510111613	0.42280881288184935	-0.0003778461510111613	0.9980248556377823	3.7332617791175853
122	0.9997431329060739	0.00039118778617789214	-0.006468753182685148	-0.00039118778617789214	0.9997431329060739	1.2579817711349457
123	1.0003925835766156	0.0003424867320800842	-1.080549164247759	-0.0003424867320800842	1.0003925835766156	1.9139505129390442
124	1.0001159295995397	0.00036806104817162786	0.44751530568769793	-0.00036806104817162786	1.0001159295995397	2.2972273318460283
125	0.9998003486280325	0.0004952199434485556	0.9522060547369593	-0.0004952199434485556	0.9998003486280325	2.7709889664613554
126	0.999293174509522	0.0008748937608441432	2.333954906320751	-0.0008748937608441432	0.999293174509522	3.307593873835488
127	1.0002615500431173	0.0005094584352132538	1.8890221220522758	-0.0005094584352132538	1.0002615500431173	2.020445410813924
128	0.9994732667969074	-0.000132143010222286	1.976694890918678	0.000132143010222286	0.9994732667969074	0.4860590397139567
129	0.9993996349008091	0.0006850299616389865	-0.506402009504796	-0.0006850299616389865	0.9993996349008091	1.1174450350314675
130	0.9997977028217498	0.0005732581450837604	0.7858345735051422	-0.0005732581450837604	0.9997977028217498	-0.054246285135558514
131	1.000614403279406	0.001014209995510477	0.5062086804563672	-0.001014209995510477	1.000614403279406	0.5097602534386716
132	1.0006456681594316	3.059191288636324e-05	-0.2592265487393358	-3.059191288636324e-05	1.0006456681594316	0.43555434718969155
133	0.9996497500795756	0.0003291520242776028	-0.4734702915664184	-0.0003291520242776028	0.9996497500795756	1.6621596811261057
134	0.999774160665679	-0.00012061016100615	1.1885089536071458	0.00012061016100615	0.999774160665679	0.649997088536561
135	0.9997057379344494	0.0003154587290798656	1.3301806124747924	-0.0003154587290798656	0.9997057379344494	1.4151227312400019
136	1.0001055411755624	0.0003743623630387996	1.71395577509501	-0.0003743623630387996	1.0001055411755624	0.31967068087008554
137	1.0006867012621146	0.00019862248392962678	-0.3781994208404648	-0.00019862248392962678	1.0006867012621146	-0.35577990931056164
138	1.000013480081298	0.000450807016807564	0.7011436236935769	-0.000450807016807564	1.000013480081298	1.4764177385487687
139	1.000229255449494	0.00027667099893846305	1.1190031870144979	-0.00027667099893846305	1.000229255449494	0.27632324627314075
140	0.9997285129116998	0.00022302855511119825	1.909003762576387	-0.00022302855511119825	0.9997285129116998	-0.11244565934295611
141	1.0002127715480977	0.00013206356609394047	1.98046726386732	-0.00013206356609394047	1.0002127715480977	0.503399781885011
142	0.9998719602392776	0.0002875174119818201	1.0260586627942732	-0.0002875174119818201	0.9998719602392776	-0.5786774869102583
143	0.9995249182643613	3.201814326077616e-05	1.4324849987254955	-3.201814326077616e-05	0.9995249182643613	0.5216379463109105
144	0.9997102510766631	0.0012627086443855549	-0.2940018311175936	-0.0012627086443855549	0.9997102510766631	1.383867909594995
145	0.9996277736844854	0.001308502009298431	2.186593985062676	-0.001308502009298431	0.9996277736844854	1.434893505907558
146	1.000392690811197	0.0006146657595593169	0.2260070381377599	-0.0006146657595593169	1.000392690811197	0.2700320386790902
147	1.0001234221703106	0.0003793774548476775	0.21807131395618284	-0.0003793774548476775	1.0001234221703106	0.6621441973419996
148	0.999693325474346	0.0008263197131606354	0.7516755589912565	-0.0008263197131606354	0.999693325474346	-0.3698360897934071
149	0.9995444408021892	0.0008318589940905831	-0.07731153861823403	-0.0008318589940905831	0.9995444408021892	0.13328071939413777
150	1.000346179949993	0.0008568567793845395	-0.7438254012193091	-0.0008568567793845395	1.000346179949993	0.19938037753421667
151	0.9992067057431419	0.0008089268580599518	0.42727545786283916	-0.0008089268580599518	0.9992067057431419	1.4777248573380373
152	1.0005326985413536	0.0005849075009445835	-1.2889658231255707	-0.0005849075009445835	1.0005326985413536	1.6928415075744256
153	0.9992869308786387	0.0012242635110690408	0.1896426066250399	-0.0012242635110690408	0.9992869308786387	3.4587120223477195
154	0.9994187372905583	0.0006765779335084296	1.4039437329012212	-0.0006765779335084296	0.9994187372905583	2.199308219382322
155	0.9999007098099636	0.00027306541445254944	0.7705479176657329	-0.00027306541445254944	0.9999007098099636	0.20753359391602905
156	1.0004028243433252	3.72254001661826e-05	-1.3322044680337353	-3.72254001661826e-05	1.0004028243433252	-0.2503599492131101
157	0.9980782167616834	0.000540244779160079	1.0016743956694887	-0.000540244779160079	0.9980782167616834	0.8352364829028271
158	0.9998250585588463	0.0007776815634823237	-1.1259651360978993	-0.0007776815634823237	0.9998250585588463	0.4628289566072294
159	1.0012904253636068	0.0013154923511108185	-2.1121616605241083	-0.0013154923511108185	1.0012904253636068	-0.7494063593294615
160	1.0003194992411235	0.0004820544940292054	0.7098603779765132	-0.0004820544940292054	1.0003194992411235	1.0396119017965832
161	0.999720650521937	0.0007072179052317084	0.06277596584901923	-0.0007072179052317084	0.999720650521937	1.0074474586659445
162	1.0012151485882275	0.0006605676224354579	-0.9252397779287843	-0.0006605676224354579	1.0012151485882275	0.9117052197445592
163	1.0002745876100696	0.0005575105373170769	0.3200347386270648	-0.0005575105373170769	1.0002745876100696	0.2417738621113922
164	1.000247394750423	0.0005520261823046815	0.9543363226202799	-0.0005520261823046815	1.000247394750423	0.2796652588119457
165	0.9999078427445559	0.0003462024146696852	-0.3366519780956154	-0.0003462024146696852	0.9999078427445559	0.8968277660926826
166	1.001619166911894	0.0007453198300506711	0.006097838642290257	-0.0007453198300506711	1.001619166911894	-0.1450634323001062
167	1.0023622991722376	9.659104806802195e-05	0.7099137918511066	-9.659104806802195e-05	1.0023622991722376	-0.6757144498350035
168	0.9994672986757229	0.0007462294017692853	0.7717646915789228	-0.0007462294017692853	0.9994672986757229	0.17531453335345779
169	0.9992635302176825	0.00041882945863809664	0.9143058850293242	-0.00041882945863809664	0.9992635302176825	-1.6563823238732829
170	1.0000011729301301	0.00018803754900976303	0.20015253448317	-0.00018803754900976303	1.0000011729301301	-0.8306674528772748
171	0.9997112423648213	0.0004385200178396055	-0.3330066142125398	-0.0004385200178396055	0.9997112423648213	-0.8002862717883131
172	0.9994274952148614	0.0002451088730221471	-0.9662479591819921	-0.0002451088730221471	0.9994274952148614	0.3459172676912835
173	0.9995598044790437	0.00013595910374712954	-0.6376751780431551	-0.00013595910374712954	0.9995598044790437	0.9564551940696981
174	0.9996290619556313	0.0001403811699976308	-0.21936739343254655	-0.0001403811699976308	0.9996290619556313	1.3570865891029626
175	1.0004663422376394	0.00012697449962039483	-0.9441407366920669	-0.00012697449962039483	1.0004663422376394	1.6604266644897865
176	1.0003823206279125	-6.578229610033745e-05	-0.5522318657034905	6.578229610033745e-05	1.0003823206279125	1.3588834316348328
177	1.000587981935575	0.0005938667511360022	-0.17321793049014728	-0.0005938667511360022	1.000587981935575	1.8174070264128412
178	1.0001125386497713	0.0006501908482879703	-0.024343113292343566	-0.0006501908482879703	1.0001125386497713	1.5777306889174374
179	1.0001208667616353	0.0010628934825832196	1.0346621942133043	-0.0010628934825832196	1.0001208667616353	1.3005831720904446
180	1.0016326905621753	-8.814102042448374e-05	-1.5504056329611284	8.814102042448374e-05	1.0016326905621753	-0.8014220709651512
181	1.000045068788717	0.00017334553860112942	-0.5703487611422652	-0.00017334553860112942	1.000045068788717	0.3587287900816603
182	1.00054928494323	0.0007472665534058575	0.2137473540122019	-0.0007472665534058575	1.00054928494323	-0.049446614370607045
183	1.0006687243459693	0.0002240143470206024	-0.15873898927069308	-0.0002240143470206024	1.0006687243459693	0.204059985642543
184	0.999850908323861	0.00046287612708742216	0.6613123015747131	-0.00046287612708742216	0.999850908323861	0.12250380742041447
185	0.9992598446912103	0.00016123285961263707	-0.5248164635209064	-0.00016123285961263707	0.9992598446912103	0.2631467467696885
186	0.999120877067646	4.086192785355495e-05	1.2555812553428467	-4.086192785355495e-05	0.999120877067646	0.04102019529674994
187	1.0000901785806187	-0.00016931629530468652	-0.9111649202406894	0.00016931629530468652	1.0000901785806187	0.47145207434957087
188	0.9997336034192884	0.00013150605332880598	-1.140499822521847	-0.00013150605332880598	0.9997336034192884	1.4143011557346563
189	1.0007081627282821	8.805054410474032e-05	-0.9820234697723157	-8.805054410474032e-05	1.0007081627282821	1.733850346063138
190	0.999219975697517	1.206448554561348e-07	-0.4771256908304742	-1.206448554561348e-07	0.999219975697517	2.5111934879439577
191	1.0005059237062233	0.0009488068499579907	0.6213710582619965	-0.0009488068499579907	1.0005059237062233	3.570106829585585
192	0.9997645949143498	0.000757788526415264	1.7393712765046323	-0.000757788526415264	0.9997645949143498	0.3045263493399515
193	0.9998365472326555	0.00038456745226193227	0.3980267070529252	-0.00038456745226193227	0.9998365472326555	1.8664482848956339
194	1.001077948166166	0.0023539108869088353	-1.2314751213426707	-0.0023539108869088353	1.001077948166166	1.1983082954698054
195	0.999720854123161	0.0012270166121955647	0.10617401258841852	-0.0012270166121955647	0.999720854123161	2.208213473172696
196	1.000287253511736	0.0008686235917389278	0.05898084125651494	-0.0008686235917389278	1.000287253511736	0.518638457848798
197	0.9998838837727324	0.0005041252601304637	-0.4193873282726342	-0.0005041252601304637	0.9998838837727324	2.501146598150913
198	1.0003331886110831	-0.00013321730345399428	1.6609958664008002	0.00013321730345399428	1.0003331886110831	-0.10616860122635119
199	0.9997904798232371	0.000540946630009739	-0.09293215575723465	-0.000540946630009739	0.9997904798232371	1.466049247138274
200	1.0009423202942203	0.00037071155154911424	-0.9490421773601583	-0.00037071155154911424	1.0009423202942203	0.04323578978069873
201	0.9991599466605482	-0.00038033715244615115	1.620479826842418	0.00038033715244615115	0.9991599466605482	0.4479993397455193
202	0.9983544420116065	0.002268554395196012	3.820042270022745	-0.002268554395196012	0.9983544420116065	1.814497811471273
203	0.998111233169549	0.00027999090401096963	2.036410252388734	-0.00027999090401096963	0.998111233169549	-1.3741977268666474
204	1.0026109345843834	0.0014456442544499284	-3.633330668717834	-0.0014456442544499284	1.0026109345843834	-1.4397781648399213
205	1.0018754231748739	0.0005862146061905514	-0.9929511452961227	-0.0005862146061905514	1.0018754231748739	-1.757597478471036
206	1.0007678430003806	-0.00030815199759391936	-0.04130464135910039	0.00030815199759391936	1.0007678430003806	-0.03777582763998266
207	0.99846552922302	0.0006983370866546117	0.6999174979187014	-0.0006983370866546117	0.99846552922302	-0.3705299862603152
208	1.0017806852353557	0.0004794710514153525	-2.4683566986025114	-0.0004794710514153525	1.0017806852353557	1.6808384971602772
209	1.0008335568675435	0.00032000298550576467	-0.4156698132368666	-0.00032000298550576467	1.0008335568675435	-0.9451804786704632
210	0.9987903941119699	0.00030433939427385856	0.8274219825277426	-0.00030433939427385856	0.9987903941119699	1.1395017089993675
211	0.9987532758915126	0.0006405832050718864	0.4178330691427392	-0.0006405832050718864	0.9987532758915126	1.0621460803884926
212	0.996211595068468	3.761575766124685e-05	2.7742814008198002	-3.761575766124685e-05	0.996211595068468	0.6194586289358648
213	1.0007011813465234	0.0010913646782787212	0.5995161536109788	-0.0010913646782787212	1.0007011813465234	-0.613821111488253
214	0.9990050629835417	-0.00018706110746935089	2.1703252289712665	0.00018706110746935089	0.9990050629835417	0.0261457115810233
215	0.9984834030775082	0.0006678934794248123	0.5007462177054575	-0.0006678934794248123	0.9984834030775082	1.7123837962885775
216	0.9994981026250669	9.212220133269936e-06	0.1294047006151791	-9.212220133269936e-06	0.9994981026250669	-0.21158986562874704
217	0.9998784925012972	-0.0006522766748110864	0.8022141089526906	0.0006522766748110864	0.9998784925012972	0.1815384667897949
218	0.9991625159633369	0.0003584087047893259	2.213222097716663	-0.0003584087047893259	0.9991625159633369	1.135079938948391
219	0.9988148994705909	0.0005603458950386305	0.48912679639733136	-0.0005603458950386305	0.9988148994705909	-0.185759576885557
220	1.0010550656882302	6.767691504928196e-05	-1.5730211115065098	-6.767691504928196e-05	1.0010550656882302	-0.35226367002743947
221	1.0000247962309483	-9.851917098505833e-05	0.76144202156949	9.851917098505833e-05	1.0000247962309483	-1.5316775850164925
222	0.9996531938884395	0.00042855577331047426	-0.32666289516601466	-0.00042855577331047426	0.9996531938884395	-0.6990740221586317
223	0.9982256979243493	0.00034579407635233967	2.218730328137669	-0.00034579407635233967	0.9982256979243493	1.1593186866921499
224	1.0006712636380355	0.0015695361346626342	1.0005306747261227	-0.0015695361346626342	1.0006712636380355	0.4297204154045567
225	1.0022103711262798	0.0007941709023601657	0.14127054803557226	-0.0007941709023601657	1.0022103711262798	1.0283288437567286
226	0.9988665563314784	-0.00011653484437172527	1.2360263558499751	0.00011653484437172527	0.9988665563314784	-0.2072440259411492
227	0.9988943194874694	-0.00016537113767674038	0.8998982619916251	0.00016537113767674038	0.9988943194874694	1.9964842072753968
228	0.9993733944832742	0.0005997396429250988	-0.28769298229401985	-0.0005997396429250988	0.9993733944832742	0.2516895138618103
229	0.9991015639019665	-5.4086833811571414e-05	-0.86711628115658	5.4086833811571414e-05	0.9991015639019665	1.1082810653202466
230	0.9995897945814801	6.387218647324472e-05	0.3118851610549807	-6.387218647324472e-05	0.9995897945814801	0.2923387638349882
231	0.9998418698101753	0.00038055069087649236	0.09447302902664276	-0.00038055069087649236	0.9998418698101753	1.4486894953032097
232	0.9999572680549474	-1.3877136195444655e-05	-0.09550317538503433	1.3877136195444655e-05	0.9999572680549474	1.1850209168969177
233	0.99997651146017	-3.4413413289152613e-05	1.061185637416225	3.4413413289152613e-05	0.99997651146017	1.2743801867189417
234	0.9989330702924967	0.0007552020204388059	2.4595965818466197	-0.0007552020204388059	0.9989330702924967	1.386137049608088
235	0.99940593580571	0.00023660371840924501	1.8317631501714342	-0.00023660371840924501	0.99940593580571	2.0315121457996788
236	0.9987720383107468	0.0013581660056984986	3.6857284949901334	-0.0013581660056984986	0.9987720383107468	1.4839202505590066
237	0.9992678786472021	0.00019147037443557853	3.798793335098146	-0.00019147037443557853	0.9992678786472021	-0.221761433003135
238	0.9994210769449472	0.0005091879749262579	0.6427235002517715	-0.0005091879749262579	0.9994210769449472	-0.8972213259554207
239	0.9996201768392817	-0.00015399934430776748	0.8260817811173458	0.00015399934430776748	0.9996201768392817	-1.8039172040264038
240	1.000253083049894	0.00010072793484155796	0.9976806983328745	-0.00010072793484155796	1.000253083049894	-0.028602752219082497
241	0.9996534389676907	0.0006095843279113717	2.1257645111327603	-0.0006095843279113717	0.9996534389676907	-0.33553209876825546
242	0.9997889286240722	0.00024094966045719828	-0.3717812881764373	-0.00024094966045719828	0.9997889286240722	-1.397771648571272
243	0.9976460953602965	0.0004884209375084881	1.4227490747116989	-0.0004884209375084881	0.9976460953602965	0.04534967883402495
244	0.9987172984978351	0.0003999847640998741	-0.4679905726221881	-0.0003999847640998741	0.9987172984978351	-1.2078025967736534
245	0.9997921458821681	-3.881311550148377e-06	0.07832474885958884	3.881311550148377e-06	0.9997921458821681	-1.8988126929457312
246	1.000092769579724	0.00032345063505916755	-0.7089127710555456	-0.00032345063505916755	1.000092769579724	-0.39333926029223054
247	0.999754016129242	-4.413050533985182e-05	-0.3728291419931306	4.413050533985182e-05	0.999754016129242	-0.3780225116728899
248	1.000205026725716	0.0005344952070284971	1.2325560452467554	-0.0005344952070284971	1.000205026725716	0.9703446048362268
249	0.9994685396044629	-0.00032831860255998425	1.1206014811135234	0.00032831860255998425	0.9994685396044629	-1.111079257164021
250	0.9999951471250089	-9.094294561995663e-05	-0.09891760699338666	9.094294561995663e-05	0.9999951471250089	-0.18237538951996873
251	0.9993795334409248	0.00032785280537434995	-1.0293914233141666	-0.00032785280537434995	0.9993795334409248	-0.6306873187496828
252	1.0001531970328166	0.0007659177618395221	-1.2812897462833261	-0.0007659177618395221	1.0001531970328166	1.8050032524330761
253	0.9990778459128772	0.0004650668399661286	1.609524107479226	-0.0004650668399661286	0.9990778459128772	-0.7947571494299139
254	0.9998345727132543	0.0006845982467685574	-0.8941812470479275	-0.0006845982467685574	0.9998345727132543	2.379356220807156
255	0.9994315787875914	-2.3300335848914187e-05	1.5361566005906861	2.3300335848914187e-05	0.9994315787875914	0.4215331426157767
256	0.999735552761578	-2.6857526069006205e-05	0.05424892864623482	2.6857526069006205e-05	0.999735552761578	0.9564159518449218
257	1.0002215775898056	0.0001051797773120712	-0.6409155618607922	-0.0001051797773120712	1.0002215775898056	1.0336206419201748
258	0.9995326449074686	0.0006102307027659994	1.3242883152137725	-0.0006102307027659994	0.9995326449074686	2.7349047041152086
259	0.9991573812999808	0.00022857144200390714	0.8901886117653208	-0.00022857144200390714	0.9991573812999808	2.0253631077756693
260	0.9987411495147188	0.0006850304616321825	1.213783034056798	-0.0006850304616321825	0.9987411495147188	1.822458790910576
261	0.9997827915057226	-2.7900666566355254e-05	1.3409733953480245	2.7900666566355254e-05	0.9997827915057226	1.2962141632013284
262	1.000053617711999	0.0002876482308019521	0.9711083448401312	-0.0002876482308019521	1.000053617711999	0.00029854243323146346
263	0.9985880344991506	0.0007099912958465718	0.2917210714318762	-0.0007099912958465718	0.9985880344991506	1.572626388583629
264	0.9997372821291717	0.0001855537033759158	1.297040859058055	-0.0001855537033759158	0.9997372821291717	0.248695369124309
265	0.9995520761576735	3.7451704586093243e-05	1.2682320606561428	-3.7451704586093243e-05	0.9995520761576735	1.6679477385199981
266	1.0000804537576993	0.0004371467739909239	0.9658745698791311	-0.0004371467739909239	1.0000804537576993	0.5504859119563928
267	0.9987832606689518	-3.36631250404572e-05	2.2723688021749067	3.36631250404572e-05	0.9987832606689518	2.390263733860975
268	0.9989239502433678	0.0005187813124679169	2.204179948603489	-0.0005187813124679169	0.9989239502433678	1.675931452887784
269	0.9991747071316435	0.00030007502503794596	2.058714983739358	-0.00030007502503794596	0.9991747071316435	1.5320572171755222
270	0.9988170754020008	7.536806383806949e-05	1.9184168597664084	-7.536806383806949e-05	0.9988170754020008	1.628173377661629
271	0.9999589524376213	0.0005399634406798243	1.8430904857456836	-0.0005399634406798243	0.9999589524376213	1.5359322570779468
272	0.9990578463454007	0.0005904622310379924	4.447669630314696	-0.0005904622310379924	0.9990578463454007	0.15290324989084358
273	1.0001911961798247	0.0005054878711140747	3.0053873000943625	-0.0005054878711140747	1.0001911961798247	0.9672435592384236
274	0.999686062727174	0.0006599739808213411	3.0106728578031277	-0.0006599739808213411	0.999686062727174	-0.7948809790788222
275	0.9994222646149737	0.0002596688508471351	2.4315429963985045	-0.0002596688508471351	0.9994222646149737	-0.23161440651120363
276	0.9993512811873095	0.0010398301044869118	1.3062463766591783	-0.0010398301044869118	0.9993512811873095	-1.41836171480686
277	0.9991947684894046	0.0004987199837375958	1.9662242488795338	-0.0004987199837375958	0.9991947684894046	1.0815088027244224
278	0.9994341834986039	0.00030841900993802457	1.3682219049643933	-0.00030841900993802457	0.9994341834986039	-0.22815555071148427
279	1.000307298410194	0.00032053606176264123	-0.28600230291671214	-0.00032053606176264123	1.000307298410194	1.82201592898961
280	0.9990282753780043	0.0003210066058160887	-1.6173653108944936	-0.0003210066058160887	0.9990282753780043	0.1890256955537066
281	1.0001958873673475	1.520079250362863e-05	-0.47646159516716485	-1.520079250362863e-05	1.0001958873673475	0.08432146746378266
282	0.9991526370158033	0.0005374835708347968	2.144064589464101	-0.0005374835708347968	0.9991526370158033	1.2951575795078205
283	1.000201611991858	0.000284805957384218	0.5573554471158648	-0.000284805957384218	1.000201611991858	-1.142933720186885
284	1.0007772276133884	0.0007013281178987842	1.2473649858646136	-0.0007013281178987842	1.0007772276133884	-0.424754955948637
285	1.0008924551484832	8.519375880210612e-05	2.430626990077368	-8.519375880210612e-05	1.0008924551484832	0.43415647507222016
286	0.9998218669341037	8.49723010779459e-05	1.3588978533504448	-8.49723010779459e-05	0.9998218669341037	-0.5495695315249661
287	1.000263901595222	-0.00013212670180929638	0.8247047327079335	0.00013212670180929638	1.000263901595222	-0.9383219653690872
288	0.9994396281392763	4.711250499234835e-06	1.0809509181711727	-4.711250499234835e-06	0.9994396281392763	-0.09257141560076866
289	0.9996477126411917	0.0003901464388241865	-0.02720431805291057	-0.0003901464388241865	0.9996477126411917	0.677896175719205
290	0.9997115978898141	0.0004489736867072083	-0.3139856159686789	-0.0004489736867072083	0.9997115978898141	-0.3160661034468264
291	0.9992836464536751	0.0003321723789706803	0.19879336774219997	-0.0003321723789706803	0.9992836464536751	0.5298539484418356
292	0.9994782282426524	0.0008140097475027864	0.8302405312956472	-0.0008140097475027864	0.9994782282426524	0.6223314071597873
293	0.9986894329698905	0.0009414827765594279	2.0127581191207735	-0.0009414827765594279	0.9986894329698905	1.5708706294135215
294	1.0000600485130287	0.0003310770865178658	0.640721953534265	-0.0003310770865178658	1.0000600485130287	1.6050607777977635
295	1.0004104545696624	0.0003318711274959733	0.6213043652985921	-0.0003318711274959733	1.0004104545696624	-0.40122377859515734
296	0.999610720847581	0.0003136698424729863	-0.7884850488581132	-0.0003136698424729863	0.999610720847581	1.3561353911128986
297	0.999124684318075	0.0004291771757101175	0.612165388974818	-0.0004291771757101175	0.999124684318075	0.7942563708540036
298	1.0009810946653808	0.0006336503608601564	-0.22492842250349554	-0.0006336503608601564	1.0009810946653808	2.760034905690747
299	1.0026557270602852	0.0008632222655385393	-0.616144165821192	-0.0008632222655385393	1.0026557270602852	-0.036112171085897316
300	0.9995069796129017	0.0002500055643690638	-0.06030672840860918	-0.0002500055643690638	0.9995069796129017	1.3035131287982324
301	0.999154582607657	0.0008006899082248348	-0.22910668325060346	-0.0008006899082248348	0.999154582607657	-0.024407159475850954
302	0.9996940780774756	0.000467078915343133	-1.0162873427221562	-0.000467078915343133	0.9996940780774756	1.328363104575356
303	1.000557822296264	0.00014123560203636103	-0.7966216381020463	-0.00014123560203636103	1.000557822296264	0.8602007827724206
304	0.9996980788628246	-0.00023735572145997062	0.09129315017169892	0.00023735572145997062	0.9996980788628246	0.8799158046199635
305	0.9997018961249085	-0.0007228155865947046	0.004098652808431691	0.0007228155865947046	0.9997018961249085	1.156682977535288
306	1.000428894070799	-0.0005177524965228354	0.6802565704639739	0.0005177524965228354	1.000428894070799	1.3642206999520976
307	1.0006829529304602	0.0005675903259406343	0.5392997621076348	-0.0005675903259406343	1.0006829529304602	1.6799659458964242
308	0.9997446384529396	0.000572240482394669	1.1444402564283038	-0.000572240482394669	0.9997446384529396	1.1340996866718969
309	0.999214754964638	0.0015800247761376396	-0.598937767141862	-0.0015800247761376396	0.999214754964638	2.9543879147130223
310	0.9995254860446625	0.0004202395576246331	0.8073150256323929	-0.0004202395576246331	0.9995254860446625	1.9075676062061255
311	1.000443532337401	0.0009544499102146602	2.32219790757163	-0.0009544499102146602	1.000443532337401	2.9689894595475943
312	1.0004769877187896	-6.775939628113803e-05	2.1910300295403524	6.775939628113803e-05	1.0004769877187896	-0.4033282727698071
313	1.0000240201650896	0.000532576516837111	0.21027817408296737	-0.000532576516837111	1.0000240201650896	2.051043564351513
314	0.9999991171945415	0.0006433404865329309	1.0963097548196818	-0.0006433404865329309	0.9999991171945415	-0.39937998728318136
315	0.999274242864159	0.00037310041072821995	1.662024061270757	-0.00037310041072821995	0.999274242864159	1.2024609984143166
316	1.0005581024476233	0.0006023627345884871	1.0041636017055617	-0.0006023627345884871	1.0005581024476233	0.5013117440360966
317	1.000150675725609	0.00043565542568953247	0.5240029309561713	-0.00043565542568953247	1.000150675725609	1.3692391161654798
318	0.9995831037832533	0.0014964098770557494	1.6940686183861156	-0.0014964098770557494	0.9995831037832533	0.6339369754239413
319	1.0000914375633965	0.0003903219679141951	1.57068403192368	-0.0003903219679141951	1.0000914375633965	0.8701942302595536
320	0.9995963351142632	0.0005130648519052975	0.8374413495959545	-0.0005130648519052975	0.9995963351142632	0.2924329962979575
321	0.9994283245794695	0.0007859178716878876	2.5179004367753444	-0.0007859178716878876	0.9994283245794695	1.1476262854364814
322	0.9978329441031532	0.0007696249671166143	3.814045603719936	-0.0007696249671166143	0.9978329441031532	1.4127312083080854
323	0.9989035334510984	0.0005311039343439358	2.2783000029930016	-0.0005311039343439358	0.9989035334510984	2.2707317668019416
324	0.9986684732147948	0.0010322055249100052	3.083980711906432	-0.0010322055249100052	0.9986684732147948	0.2706180806123694
325	1.0000361905365238	0.0007253543332615232	1.2975284103660945	-0.0007253543332615232	1.0000361905365238	-1.559409575231794
326	1.0003972879512866	0.0012626128080621796	-0.5260898721481064	-0.0012626128080621796	1.0003972879512866	-0.6651512750060959
327	0.9994190706511652	0.0006890479465136609	1.0097698106642021	-0.0006890479465136609	0.9994190706511652	-1.2811935394073084
328	1.0021573595470374	0.0004037055832465187	-1.0568972556778813	-0.0004037055832465187	1.0021573595470374	-1.1886822833519166
329	0.9990377080467152	5.578950259180058e-05	2.035845549453239	-5.578950259180058e-05	0.9990377080467152	-0.16041111820349774
330	1.0002157879657074	9.901434401378303e-05	-0.1500949568554737	-9.901434401378303e-05	1.0002157879657074	-0.43495947693503184
331	1.0007163438822284	0.000195315648806415	-0.30322588387412175	-0.000195315648806415	1.0007163438822284	-1.5036637711908247
332	0.9992627048556745	0.0006803970414485887	1.1702816236502673	-0.0006803970414485887	0.9992627048556745	-1.3475903155114475
333	1.000211465676952	0.0003742504660682745	-0.7391146321278224	-0.0003742504660682745	1.000211465676952	-1.7432088478123704
334	1.0004028056081251	0.0011148870866330622	0.43009489154310065	-0.0011148870866330622	1.0004028056081251	-0.5698104131826817
335	1.0012566981778332	9.680011161763253e-05	-1.0987867424275142	-9.680011161763253e-05	1.0012566981778332	-1.3806364376900728
336	0.9996414388083584	0.000394737830125504	1.0442224923542573	-0.000394737830125504	0.9996414388083584	-0.3728283962746203
337	1.0002772135151692	0.00021696213126846578	0.9093384065300757	-0.00021696213126846578	1.0002772135151692	0.5615645058297029
338	0.999181535523603	-7.498338906971583e-05	1.6055563257713585	7.498338906971583e-05	0.999181535523603	-1.6769293365924391
339	0.9998826124239297	0.00011920664636448465	0.8015840188359524	-0.00011920664636448465	0.9998826124239297	-0.48819296005923996
340	0.99971047393506	1.6589450862213347e-05	-0.2490627986507774	-1.6589450862213347e-05	0.99971047393506	-1.1172314368201945
341	1.000391554625602	0.00015296585041891337	-2.314306571618631	-0.00015296585041891337	1.000391554625602	0.13331888024998717
342	0.9982114779117902	0.0009762349261855929	1.6620169123902953	-0.0009762349261855929	0.9982114779117902	0.5402184964655075
343	0.9997709411951519	-0.0001479626899046567	-1.3273118455144954	0.0001479626899046567	0.9997709411951519	0.8071332257022117
344	0.9991210566653485	-0.00013622368518670722	-0.559021153265066	0.00013622368518670722	0.9991210566653485	0.22086001409985107
345	0.9999895740287725	-0.0001795398596010533	0.3122017861600921	0.0001795398596010533	0.9999895740287725	0.12515584330223334
346	0.9996259599628174	1.2378613815149647e-05	0.060166132876998554	-1.2378613815149647e-05	0.9996259599628174	1.3670734654967145
347	1.0007078949710055	0.0003008861057145371	0.0382155360890445	-0.0003008861057145371	1.0007078949710055	0.6183921136033693
348	0.999682973220813	5.865414061582085e-05	-0.3754608314313581	-5.865414061582085e-05	0.999682973220813	0.1902655038161869
349	0.999612534946226	0.0005952529399092903	0.10843850862887316	-0.0005952529399092903	0.999612534946226	0.6189803756572969
350	0.9997783986755554	0.000537515923253124	1.292080420861573	-0.000537515923253124	0.9997783986755554	0.7674443219162453
351	0.9999210950619896	-0.00019311812222487604	1.1293465534915599	0.00019311812222487604	0.9999210950619896	-0.7537838974006343
352	1.000275872329521	-0.0003550448662304499	-0.8025787817548216	0.0003550448662304499	1.000275872329521	-0.5726138663511967
353	0.9994388703322352	0.0006743140177699726	-0.9534301528126924	-0.0006743140177699726	0.9994388703322352	0.5469443876451916
354	1.0002060750932653	-5.015319862875043e-06	-1.1493400293948022	5.015319862875043e-06	1.0002060750932653	0.8841386044651176
355	0.998222943205373	0.0001687081465144236	1.8173404579300316	-0.0001687081465144236	0.998222943205373	1.6767237744662822
356	0.9991404053710926	0.0002842638580651943	1.263477610708743	-0.0002842638580651943	0.9991404053710926	2.709935761667926
357	0.9976987625036882	-0.0002493699714234322	0.6544288997865735	0.0002493699714234322	0.9976987625036882	0.7400102555770315
358	1.0007618794028539	5.324592544221811e-06	-0.3725135655648877	-5.324592544221811e-06	1.0007618794028539	0.27969888859713343
359	0.9999409982657271	0.0002032628856818851	1.3130398230039453	-0.0002032628856818851	0.9999409982657271	1.1644728393557755
360	1.0006059782664802	0.0007510606735444585	1.1710368452732547	-0.0007510606735444585	1.0006059782664802	2.625285164134512
361	1.0003763779741586	0.0005618979811105437	0.34249637527663	-0.0005618979811105437	1.0003763779741586	0.1954571980828504
362	1.0005036160616738	0.0007455575353849942	0.19141252340966639	-0.0007455575353849942	1.0005036160616738	1.9323577724654206
363	1.000197344175306	0.00045443310350721036	1.9249187496643174	-0.00045443310350721036	1.000197344175306	-0.7471701147979751
364	0.997698500957362	0.0008400518144453785	2.0184471495676917	-0.0008400518144453785	0.997698500957362	4.655266026357623
365	0.9964626599801163	0.0007253142992128054	3.439039685894317	-0.0007253142992128054	0.9964626599801163	3.635003260032799
366	1.0000676918464213	0.0003922820463894679	0.3168021544876293	-0.0003922820463894679	1.0000676918464213	1.4305960660212977
367	0.9995025122890733	0.0001028977679922628	-0.5361234598454597	-0.0001028977679922628	0.9995025122890733	1.024133502703465
368	0.9983645499012928	0.0005223624058246818	1.3736042540020952	-0.0005223624058246818	0.9983645499012928	1.8328270073863537
369	1.0016316193652655	-0.0007897545503492598	-0.689113571219649	0.0007897545503492598	1.0016316193652655	-2.275045959331346
370	0.9980415816205119	0.0007835870174235638	1.6806261457470049	-0.0007835870174235638	0.9980415816205119	2.89650986748516
371	0.9985448806575095	0.0012780145304774099	3.2326294725209266	-0.0012780145304774099	0.9985448806575095	2.115944108132905
372	1.0004357524371128	0.0005063915464039957	0.4867634328746203	-0.0005063915464039957	1.0004357524371128	2.334753878751448
373	0.9967355839573319	0.0009525222983707236	2.9996265049748416	-0.0009525222983707236	0.9967355839573319	2.8930510751614533
374	0.9984441438867423	0.000922209167559583	3.645931325421429	-0.000922209167559583	0.9984441438867423	1.9270787215567518
375	0.9994778187646336	0.00024119547283863086	2.9823028916719228	-0.00024119547283863086	0.9994778187646336	-0.6979092462328548
376	1.0002267303355779	1.3557677465580575e-05	1.0549067842292776	-1.3557677465580575e-05	1.0002267303355779	1.1842244613561679
377	0.9996233406450413	0.00012264463708257822	1.3111738005428037	-0.00012264463708257822	0.9996233406450413	0.959609696773339
378	0.9990530693616074	-0.00019024016218418307	0.7014362477849614	0.00019024016218418307	0.9990530693616074	0.3392978151021713
379	0.9997383977570947	0.00010741572538170612	0.9018023732094589	-0.00010741572538170612	0.9997383977570947	1.4904753689583288
380	0.997725236567973	0.0003549353329920075	2.6128079511479423	-0.0003549353329920075	0.997725236567973	2.0625661572084755
381	1.0007577139653445	-0.00024979713205471824	0.29066115909726065	0.00024979713205471824	1.0007577139653445	-0.1406519838592148
382	1.0006848859755375	-0.00013865334218788195	0.43129468122324854	0.00013865334218788195	1.0006848859755375	0.32069558794436837
383	1.002387007332415	0.0006542336306886884	-0.0511597534948812	-0.0006542336306886884	1.002387007332415	1.5653411341027996
384	0.9991889686137562	0.0010407605310131087	2.8561486736207145	-0.0010407605310131087	0.9991889686137562	2.7159448407710034
385	0.9994000056196171	0.0004883400617747046	2.318923359480719	-0.0004883400617747046	0.9994000056196171	0.6116365136806663
386	0.9993254981350137	0.0006212339142783414	3.5557773673042465	-0.0006212339142783414	0.9993254981350137	1.7566802432182613
387	0.999681957130691	7.493601183090796e-05	1.7795230729564175	-7.493601183090796e-05	0.999681957130691	-0.7907966476041226
388	0.999302333263543	-8.498995466722206e-05	0.37097816935002303	8.498995466722206e-05	0.999302333263543	1.0725206751420415
389	0.9996484736122538	9.051642329654194e-05	0.816449094464967	-9.051642329654194e-05	0.9996484736122538	-0.32340349411562064
390	0.9998561298235814	-0.0001095533173157168	0.31172829115709244	0.0001095533173157168	0.9998561298235814	0.36769581374339233
391	0.9993427425045711	0.0003433871405656068	1.014908456104248	-0.0003433871405656068	0.9993427425045711	-0.5628330911730642
392	0.9995843172363875	0.0003986022609304652	0.2231640033922197	-0.0003986022609304652	0.9995843172363875	-0.0966496148362981
393	0.9998231107897692	0.00039727453982508565	0.5128415695660795	-0.00039727453982508565	0.9998231107897692	-0.6125311029332234
394	0.9999987275680966	-0.00023762309559799375	0.7113016495061443	0.00023762309559799375	0.9999987275680966	-0.005304439824344788
395	1.0002655738777602	0.0007621900110863771	0.7455585369914604	-0.0007621900110863771	1.0002655738777602	1.0346486563442276
396	0.999023853351903	0.0002538901667354157	1.2240757463847338	-0.0002538901667354157	0.999023853351903	0.8012386483239229
397	0.9994974740903876	0.00046226970939416354	0.4354156259067361	-0.00046226970939416354	0.9994974740903876	1.3381346231549482
398	0.9986101909354248	0.0012555552530603758	3.5335825244288226	-0.0012555552530603758	0.9986101909354248	3.5036504222026053
399	0.9982495299455586	0.0002898072156874899	3.6757491676657286	-0.0002898072156874899	0.9982495299455586	0.9931339938046196
400	1.000067667324923	9.072923804177412e-05	0.05577192740895165	-9.072923804177412e-05	1.000067667324923	1.8028693341781472
401	0.9974406818986288	0.0009460529384454732	3.6913461464906443	-0.0009460529384454732	0.9974406818986288	1.6875074810176631
402	1.0001940349108465	0.00027262001185349453	0.2759872777141077	-0.00027262001185349453	1.0001940349108465	-0.7464129000014786
403	0.9994953134217556	0.0011403233473329174	1.551513687953336	-0.0011403233473329174	0.9994953134217556	0.17043621587375207
404	0.9997054500443935	0.00043451517052422095	0.9075718744343799	-0.00043451517052422095	0.9997054500443935	-0.32633571356057495
405	0.9971725396980189	0.0005975963024286797	2.8558162172864363	-0.0005975963024286797	0.9971725396980189	0.7776344926837322
406	1.001638643378884	-0.00029534759033165195	-2.298560119210439	0.00029534759033165195	1.001638643378884	-0.20525806379909692
407	1.000474092440844	0.0003722186590747484	-0.523564378043254	-0.0003722186590747484	1.000474092440844	2.0910334189695714
408	0.9982435238337923	0.0009255178313883475	2.7528011678539435	-0.0009255178313883475	0.9982435238337923	2.4870092511678994
409	0.9985064438927145	-2.021120732729689e-05	2.031974671758037	2.021120732729689e-05	0.9985064438927145	1.506978908448937
410	0.9988837028510666	0.001057947746935526	2.8881445821271328	-0.001057947746935526	0.9988837028510666	2.3370108161146694
411	1.000433445584756	-9.740283197368888e-05	1.623357278394911	9.740283197368888e-05	1.000433445584756	-1.096478896852333
412	0.9994628501922903	3.9570917464128055e-05	0.39871990257071077	-3.9570917464128055e-05	0.9994628501922903	1.3339214531847385
413	0.9983682686851584	0.0006212810398335922	2.662511557339917	-0.0006212810398335922	0.9983682686851584	0.15298492578356163
414	1.0002977133790185	-8.491174549017614e-05	-0.13410936314427124	8.491174549017614e-05	1.0002977133790185	0.5765937423679255
415	1.0001243375352706	0.00018520027219274025	1.362854564132629	-0.00018520027219274025	1.0001243375352706	0.8455445111592451
416	0.9975123191544739	0.0012951698349885365	4.702625677475953	-0.0012951698349885365	0.9975123191544739	3.5046212186012444
417	0.9968220659205983	0.0005068730817263011	5.937572396872996	-0.0005068730817263011	0.9968220659205983	2.884822143541667
418	0.996425021632443	0.001424527940078049	6.0243085035067026	-0.001424527940078049	0.996425021632443	3.6546980898724972
419	0.9991926372428558	0.0012504505201274955	0.05291772050860939	-0.0012504505201274955	0.9991926372428558	2.1655719776480744
420	0.9983210964960296	0.002163393415445374	3.7759457378849772	-0.002163393415445374	0.9983210964960296	2.8704818411898536
421	0.996872418939318	0.0017145659559316088	2.5880174614255322	-0.0017145659559316088	0.996872418939318	2.477077262405921
422	0.9935767097750964	0.0031715104405601654	10.741786400639805	-0.0031715104405601654	0.9935767097750964	5.208915292964282
423	0.99365850516164	0.0023912696907419074	9.224746774420606	-0.0023912696907419074	0.99365850516164	4.004986418687141
424	0.9988689343928291	0.0002203485567826973	0.581934546897346	-0.0002203485567826973	0.9988689343928291	0.10475893782229702
425	0.9957381369920689	0.0022763133522463344	6.027260524721201	-0.0022763133522463344	0.9957381369920689	3.9957467674033027
426	0.9955018754253697	0.0016806408142906325	6.267384481881858	-0.0016806408142906325	0.9955018754253697	4.623304409165568
427	0.996974748090243	0.0012231608274800515	4.5766040586665575	-0.0012231608274800515	0.996974748090243	2.553958159806891
428	0.9989586093468378	0.0009574093320494508	-0.1913605799541973	-0.0009574093320494508	0.9989586093468378	3.536997349827593
429	0.9997977142150528	0.0005341758761468418	2.1996348219787425	-0.0005341758761468418	0.9997977142150528	0.7400493823382405
430	1.0001629023830851	0.0006498929563660091	0.13290099658834564	-0.0006498929563660091	1.0001629023830851	-0.011046164127142585
431	0.9986291509571468	0.0007545883729985008	4.137096954228849	-0.0007545883729985008	0.9986291509571468	0.5126059868155072
432	0.998714368183875	0.00046875806762742753	1.8489978517675052	-0.00046875806762742753	0.998714368183875	1.5263666602566635
433	1.0000358423563025	0.0007213788210331813	1.5067650152774454	-0.0007213788210331813	1.0000358423563025	-0.33167487333935
434	0.9997337616192296	0.0006971241838456098	2.3846630188653886	-0.0006971241838456098	0.9997337616192296	0.7345787767232448
435	0.9999405510920192	-0.0004267160383006961	3.0800857808450464	0.0004267160383006961	0.9999405510920192	-0.575059738644432
436	0.9995224141267613	-0.00018633779149417629	0.20444164784467175	0.00018633779149417629	0.9995224141267613	-0.4774616411829892
437	0.9993219177379383	0.0005653072459809212	-0.022207730397233966	-0.0005653072459809212	0.9993219177379383	-0.0833166283564663
438	0.9997575476327194	0.00047095582088546486	0.9145108345335184	-0.00047095582088546486	0.9997575476327194	-0.11679267070402638
439	0.99945073911449	0.00040543681006920194	1.074124080254062	-0.00040543681006920194	0.99945073911449	-0.5590439384838441
440	0.9996796019411254	0.0005499465892912774	0.36837307138232805	-0.0005499465892912774	0.9996796019411254	-0.8633153635679489
441	0.9999952770754896	0.00036101735318643587	0.34266220273407555	-0.00036101735318643587	0.9999952770754896	-0.5255091527506033
442	1.0000361608728936	0.0005126002570372809	1.180400575659844	-0.0005126002570372809	1.0000361608728936	-1.1315356772440535
443	1.0004698936892302	0.00030844341510589116	0.38706212484265096	-0.00030844341510589116	1.0004698936892302	-0.7398445406905888
444	0.9990847893717806	0.00047050203340639357	0.28690872871102013	-0.00047050203340639357	0.9990847893717806	-0.14348157800743616
445	1.0000607011548426	-2.1705606517409277e-05	0.6856289944664604	2.1705606517409277e-05	1.0000607011548426	-1.991345609984796
446	0.9995313117787262	0.0004525095170969165	-0.7172701831787538	-0.0004525095170969165	0.9995313117787262	-2.123200988941915
447	1.0011081137779905	9.305005984423654e-05	-0.3069701403349283	-9.305005984423654e-05	1.0011081137779905	0.25300062427346615
448	1.0009939428074623	0.0004404607206421787	1.0997961314107276	-0.0004404607206421787	1.0009939428074623	-0.6676606826150816
449	0.9983179798969619	-4.2254326407682925e-05	1.1867123758517137	4.2254326407682925e-05	0.9983179798969619	1.7340630164314412
450	0.998926098891424	-0.00020854180359810662	0.11329947540168794	0.00020854180359810662	0.998926098891424	0.18521940417538932
451	1.0000891611947946	7.69435479689114e-05	-1.6813024502073728	-7.69435479689114e-05	1.0000891611947946	1.274418659123219
452	1.0001207064119557	0.0002695960621612571	0.5488009990742682	-0.0002695960621612571	1.0001207064119557	-0.3572223662549603
453	0.999964029804464	-0.00029393912851941663	-0.659505854850952	0.00029393912851941663	0.999964029804464	1.1212485766620643
454	1.0002642754461373	-0.00021772675334536667	0.10301088675212733	0.00021772675334536667	1.0002642754461373	-1.3515585442035387
455	0.9990066342472167	-3.701729110477123e-05	-0.2639423498429664	3.701729110477123e-05	0.9990066342472167	0.6670482363981445
456	0.9992635208483391	0.0005339923957755491	1.0614351158136008	-0.0005339923957755491	0.9992635208483391	0.831304380134522
457	1.0003428562544912	0.00012740438095117324	1.0245541109472578	-0.00012740438095117324	1.0003428562544912	0.31428067397447296
458	0.9996170675037288	-0.00024900159681613465	1.2995892974049537	0.00024900159681613465	0.9996170675037288	1.0252133473353742
459	0.9989766604851615	0.0003450972996127626	3.574314453858386	-0.0003450972996127626	0.9989766604851615	2.3146390598730915
460	1.0003971824923004	0.0001256185352879717	1.9818926141999291	-0.0001256185352879717	1.0003971824923004	-1.2068866625937265
461	0.9987268549321714	0.000309565014299532	2.542666606884318	-0.000309565014299532	0.9987268549321714	0.17584986525499058
462	0.9996862547553027	0.0006259978725470372	0.22519661863351714	-0.0006259978725470372	0.9996862547553027	-1.6496239319799777
463	0.9994909405330624	0.00028067147273536244	0.010430717037156867	-0.00028067147273536244	0.9994909405330624	-0.6850468437263784
464	1.0001748555135996	0.0007778481602317357	0.8242934984399481	-0.0007778481602317357	1.0001748555135996	-1.2443832766379948
465	0.9988411444770372	0.0005796630199979642	1.0196582044278235	-0.0005796630199979642	0.9988411444770372	0.6596652105998019
466	0.9988587958730318	0.0008647296851631721	3.3884574165870442	-0.0008647296851631721	0.9988587958730318	0.4866115978458024
467	0.9995680548023198	0.000596533405582934	1.4356860030269327	-0.000596533405582934	0.9995680548023198	0.03415188410082998
468	0.9994345250946641	0.00023255361987243426	0.3625505802754953	-0.00023255361987243426	0.9994345250946641	-0.16329089828777463
469	0.9996322539003978	-0.0002982698404361842	0.7188748024700728	0.0002982698404361842	0.9996322539003978	-0.5562461589861329
470	0.9998903559274925	0.00012546406910191727	-0.35325885623690856	-0.00012546406910191727	0.9998903559274925	-0.11338048107713417
471	0.999841241098946	0.00029543473379455633	0.5085942445698096	-0.00029543473379455633	0.999841241098946	-1.2241787855864998
472	0.9999914141095091	9.315977688967783e-05	0.9830188877442875	-9.315977688967783e-05	0.9999914141095091	-0.5181999234644494
473	0.9994943861741646	0.0004727512421849242	0.7415156514057453	-0.0004727512421849242	0.9994943861741646	-1.3647385377407155
474	0.9983688950164423	0.0005813714548968394	-0.6680933771269288	-0.0005813714548968394	0.9983688950164423	-0.4121073262200077
475	0.9986371779357004	0.00038982299991291956	-0.5994970239030964	-0.00038982299991291956	0.9986371779357004	-0.23359555101292007
476	0.9993909530769246	3.2640861948008044e-05	-0.22442855874280365	-3.2640861948008044e-05	0.9993909530769246	0.10339486198034499
477	0.9989905746591322	0.0009093395404007168	0.37714361721257683	-0.0009093395404007168	0.9989905746591322	-1.1469065276488353
478	0.9995694589244842	-0.00030401594623679154	-0.5293467956750204	0.00030401594623679154	0.9995694589244842	0.820116886934572
479	0.9994296140419776	0.0008646929626158453	0.7571661189870449	-0.0008646929626158453	0.9994296140419776	0.2014831311722134
480	0.9994752272573604	0.0012309612442692596	-1.3660005483402209	-0.0012309612442692596	0.9994752272573604	0.988232426083629
481	1.0004099278776863	0.000172780539505658	-0.7746847256657878	-0.000172780539505658	1.0004099278776863	-1.2190154876807253
482	0.999401183847836	-0.00017388709598032336	-0.16036476162629	0.00017388709598032336	0.999401183847836	0.5283581749283404
483	0.9999273865997745	0.0011512361022704822	0.5839588018113768	-0.0011512361022704822	0.9999273865997745	2.2665951434258536
484	1.0010087543807265	6.739804003005596e-05	-0.6966672438721728	-6.739804003005596e-05	1.0010087543807265	0.2686232246981717
485	0.9980417756206161	0.0003169966102774123	1.2437517303144656	-0.0003169966102774123	0.9980417756206161	2.558224055416749
486	0.9997855660937948	-0.0003785338055298142	-0.1204904937202863	0.0003785338055298142	0.9997855660937948	-0.5130383531715268
487	1.0010620771685996	-0.00037601226966350854	-2.2156468480989275	0.00037601226966350854	1.0010620771685996	1.2690139389854418
488	0.9974338238432627	-0.0001530224352774915	2.6448227081269935	0.0001530224352774915	0.9974338238432627	2.695852366651712
489	0.9976956841796683	-0.00024056090740485122	2.1937436513200907	0.00024056090740485122	0.9976956841796683	3.17960475488728
490	0.9986724968726933	-8.141672164927276e-05	2.0740071517231735	8.141672164927276e-05	0.9986724968726933	1.1820103180967951
491	0.9978774150792613	0.00028983877565019197	1.2604419572065093	-0.00028983877565019197	0.9978774150792613	1.8525432568510665
492	0.9981983099851564	0.0008292524223670396	1.3729303643327118	-0.0008292524223670396	0.9981983099851564	2.527340785413849
493	0.9984576428559863	9.01986866572443e-05	1.8282648336807454	-9.01986866572443e-05	0.9984576428559863	1.9157320880794808
494	1.0004249553527458	-8.0518801327291e-05	0.2881169829939525	8.0518801327291e-05	1.0004249553527458	2.3002040200222247
495	0.9995519926588733	-0.0003391509312382329	2.0780500031998566	0.0003391509312382329	0.9995519926588733	2.5269474278343376
496	1.0003385814568975	0.00031160885372850776	1.6024916306925656	-0.00031160885372850776	1.0003385814568975	2.639498778756981
497	0.9993080453949308	-1.4958433301643877e-05	1.6166459733399292	1.4958433301643877e-05	0.9993080453949308	1.0142587957055247
498	1.0004599258592979	-9.00994616731692e-05	1.544459201838725	9.00994616731692e-05	1.0004599258592979	-0.008786350042387559
499	0.9990954104744608	0.0003715314538667688	1.523618820124966	-0.0003715314538667688	0.9990954104744608	1.1499020413735026
500	0.999454998582992	0.0007360276314301095	1.1768903790716585	-0.0007360276314301095	0.999454998582992	-0.6942661577046174
501	0.9999313789399871	0.00030918470737930894	1.2581333773237682	-0.00030918470737930894	0.9999313789399871	0.9771842340080048
502	0.9994314165081531	0.0004841599975790901	3.0316765260211853	-0.0004841599975790901	0.9994314165081531	2.138164581396452
503	1.0001792433232004	0.0003714948268716111	0.712979206127391	-0.0003714948268716111	1.0001792433232004	1.5488369935292503
504	0.9987377710731672	0.00015675111364292981	2.9601216801084895	-0.00015675111364292981	0.9987377710731672	2.797517382906964
505	0.9983148397461745	0.0008759485857883036	3.5938172850108865	-0.0008759485857883036	0.9983148397461745	1.428920887702768
506	0.999095623103592	0.0003883165572115848	3.38069866091151	-0.0003883165572115848	0.999095623103592	0.17746885162296527
507	0.999639103700819	0.00013650192816762807	1.9004577692391034	-0.00013650192816762807	0.999639103700819	-0.09996177108257998
508	0.9993993359631599	-0.0002954673383575592	0.34677146962405864	0.0002954673383575592	0.9993993359631599	-1.666090805218277
509	0.999438678851544	0.0002787691147005851	1.6302113119418047	-0.0002787691147005851	0.999438678851544	0.14871275460879607
510	1.000458932977238	0.00033862257071121376	2.2268301932081505	-0.00033862257071121376	1.000458932977238	-0.08597651571921805
511	0.9996486811380526	8.871960983130938e-06	1.6269161431018515	-8.871960983130938e-06	0.9996486811380526	0.015592715479672975
512	0.999853953339225	0.0002635415179778635	0.9844936611678969	-0.0002635415179778635	0.999853953339225	-0.06319273653409663
513	0.9976911533267918	0.0006612865956830398	3.4958246166535765	-0.0006612865956830398	0.9976911533267918	1.5354904694078462
514	0.999423887200314	0.00019976596049951184	0.816980113927406	-0.00019976596049951184	0.999423887200314	0.894275701714205
515	0.999708137759761	0.0008050680330065833	0.29786259802094905	-0.0008050680330065833	0.999708137759761	0.46270969026665254
516	0.9993341794785271	0.00040572990315381483	2.556089319380058	-0.00040572990315381483	0.9993341794785271	0.7391428348681821
517	1.0001582106454159	0.0001426738408084926	1.0954908614898564	-0.0001426738408084926	1.0001582106454159	-0.8638469530805386
518	0.9993592714945384	0.0005787810179486986	0.765493628011299	-0.0005787810179486986	0.9993592714945384	-0.3401774761924196
519	0.9994634077203793	0.0009882615894384627	0.5471983086822378	-0.0009882615894384627	0.9994634077203793	-2.4468357127004077
520	0.999763514689593	0.0008194251184247868	0.29136971227475106	-0.0008194251184247868	0.999763514689593	-0.9578785930371395
521	0.9998047848217255	2.936937484214274e-05	0.9378242016249648	-2.936937484214274e-05	0.9998047848217255	-2.1558865515901022
522	1.000000103621989	2.599857883666773e-05	0.9508862812148026	-2.599857883666773e-05	1.000000103621989	-0.42320747676668097
523	0.9990831723506063	0.0005417210016342427	1.3651375406073116	-0.0005417210016342427	0.9990831723506063	0.9676712498309441
524	0.9995161462597308	0.00023395533888310072	1.6177460142309277	-0.00023395533888310072	0.9995161462597308	-0.2739427982604419
525	0.9993759701182221	0.00047665700437502857	0.7389713773263369	-0.00047665700437502857	0.9993759701182221	0.07258002737116327
526	0.99997067215662	0.0003252870367209346	0.9508240893533222	-0.0003252870367209346	0.99997067215662	0.03310068318320822
527	0.9994691262198241	-4.211538519976e-05	0.029899700225613727	4.211538519976e-05	0.9994691262198241	-0.988481618306236
528	0.9999650775212847	0.00020876481840372875	0.2184558252304114	-0.00020876481840372875	0.9999650775212847	-0.40457274212746935
529	1.0004612739984087	0.0007754288133495848	-0.320217131187328	-0.0007754288133495848	1.0004612739984087	-0.45537646516845687
530	1.000523207790191	0.0003731545123312792	-1.4661121830158068	-0.0003731545123312792	1.000523207790191	-1.3361567685365616
531	0.9993843445810209	0.0005364323902503079	-0.44031986375997634	-0.0005364323902503079	0.9993843445810209	0.017948489320463223
532	0.9995888059580534	0.0005233556445427801	-0.6150787074593141	-0.0005233556445427801	0.9995888059580534	-0.6417884996948439
533	0.9992550049012643	6.349559993468703e-05	0.4193007047701803	-6.349559993468703e-05	0.9992550049012643	0.07154633386469249
534	0.9995323580122198	3.1528498484818785e-05	0.25723485758821263	-3.1528498484818785e-05	0.9995323580122198	0.11315416042724347
535	0.9994208399819599	0.0006926673713549966	0.8504410498530903	-0.0006926673713549966	0.9994208399819599	0.40448240170130756
536	0.9985468094211997	0.0005093204646887662	0.42038825257209833	-0.0005093204646887662	0.9985468094211997	1.2846516270705628
537	1.0004144076863037	0.0009494217999051113	1.0431792564445135	-0.0009494217999051113	1.0004144076863037	1.1698947046212342
538	0.9995845985436415	0.0009748998566442806	1.2066052195885	-0.0009748998566442806	0.9995845985436415	1.075174086874754
539	0.9989659211616662	0.00016900050476653078	1.531556913193343	-0.00016900050476653078	0.9989659211616662	0.6416797671081519
540	0.9986146873232654	0.0003060735399754595	0.7389163819348321	-0.0003060735399754595	0.9986146873232654	-0.05074205461012041
541	0.9988073940037254	8.237972043370189e-05	0.19403363271566432	-8.237972043370189e-05	0.9988073940037254	0.3699507749390034
542	1.000014039726839	9.327984198815881e-05	0.5557427532057579	-9.327984198815881e-05	1.000014039726839	-0.6784126156748351
543	0.9989473163015341	9.053365229133089e-05	0.3289965499893577	-9.053365229133089e-05	0.9989473163015341	1.9149074100778256
544	0.9984721869885612	0.0001661095311088843	1.7248838608209471	-0.0001661095311088843	0.9984721869885612	1.825823363025662
545	1.001703336132683	0.0003856522409646625	-0.49465746968800284	-0.0003856522409646625	1.001703336132683	1.2658995307786962
546	0.9997743887096374	0.000535145274369948	0.40481095949725165	-0.000535145274369948	0.9997743887096374	2.234515257854108
547	0.9997382619339685	0.0005894932274794033	0.5249717011810011	-0.0005894932274794033	0.9997382619339685	2.4418428039486577
548	0.9999828962424413	0.0008325428875496675	0.8432155313907373	-0.0008325428875496675	0.9999828962424413	1.5934717952728124
549	1.0000265753482105	0.0003245165250309003	2.04047288281461	-0.0003245165250309003	1.0000265753482105	0.9537200288784409
550	0.9998747825226765	0.00019998726272776142	0.6328082603750351	-0.00019998726272776142	0.9998747825226765	1.1252518201288395
551	1.0002386464570086	0.000712117655588682	-0.28329579550343453	-0.000712117655588682	1.0002386464570086	-0.2900758095449749
552	0.9995605731378855	0.0005636650614027255	0.12944150995100587	-0.0005636650614027255	0.9995605731378855	1.0844727549400281
553	1.0000241149526197	0.0007795952704010862	0.9186584269622569	-0.0007795952704010862	1.0000241149526197	1.139526885308547
554	0.9985686002092182	0.0006908447479924608	1.6499240239387951	-0.0006908447479924608	0.9985686002092182	0.991024794847166
555	1.000419543603356	0.0002590670241892066	-1.1012408888983316	-0.0002590670241892066	1.000419543603356	0.7689329084209695
556	0.9997780790497072	0.0007352760226806513	0.2559088388124535	-0.0007352760226806513	0.9997780790497072	1.9247395183025375
557	1.000301015193695	0.0009699783921350333	1.4146900233261972	-0.0009699783921350333	1.000301015193695	1.4790454677147933
558	0.9984252820993984	0.0010680535293553488	1.9364639943567563	-0.0010680535293553488	0.9984252820993984	3.723222246106043
559	0.9990415227234605	0.000748300157440652	0.23649067100687038	-0.000748300157440652	0.9990415227234605	1.6731203272598778
560	0.99893614087155	0.0008148940274495159	3.779865859082534	-0.0008148940274495159	0.99893614087155	2.0928832889975397
561	1.0000541110089223	0.0006181783445177059	2.4987591513653116	-0.0006181783445177059	1.0000541110089223	0.08314663879124913
562	0.9998004337339514	0.00044302736032288234	0.086938281474517	-0.00044302736032288234	0.9998004337339514	1.2689241670106928
563	1.0008905079239796	0.0006010871412668279	0.46966912227808444	-0.0006010871412668279	1.0008905079239796	0.7678276372989703
564	1.0004903012190436	0.0006004679975353724	1.689269118609817	-0.0006004679975353724	1.0004903012190436	0.8355967023594507
565	1.0011724919616523	0.0008255454241084505	1.139095316140211	-0.0008255454241084505	1.0011724919616523	-1.125119904977232
566	0.9984101911615239	0.0007895815272916947	1.8947189125164785	-0.0007895815272916947	0.9984101911615239	1.9209000769231006
567	1.000094529706494	0.001018736429679325	1.45422825719026	-0.001018736429679325	1.000094529706494	1.833631623500356
568	1.0000518903337956	2.5748996465341473e-05	0.9443344397460978	-2.5748996465341473e-05	1.0000518903337956	0.6382765484622358
569	0.9999073062013399	0.0012347661893822909	1.2366390112042167	-0.0012347661893822909	0.9999073062013399	2.5180222540459276
570	1.0006054797804538	0.0010951510232060817	-0.36506227539818026	-0.0010951510232060817	1.0006054797804538	1.7920014046951918
571	0.9994819582602565	0.0011315176162328454	1.4321880028024523	-0.0011315176162328454	0.9994819582602565	0.65396029690166
572	1.0006641311686046	0.00019999292155099607	0.6511157911120466	-0.00019999292155099607	1.0006641311686046	-0.5750174744518127
573	0.999474804116445	2.7106583991354062e-05	1.0175253343042863	-2.7106583991354062e-05	0.999474804116445	-0.5756189040186721
574	0.9998418978313377	0.000462981863540186	0.01512376511526235	-0.000462981863540186	0.9998418978313377	-0.40496158603902843
575	1.0004351281775403	0.0002992106992568042	1.0528691369462444	-0.0002992106992568042	1.0004351281775403	-2.004580098416009
576	0.99996576054357	0.000471074349556383	0.776955885070269	-0.000471074349556383	0.99996576054357	-0.16644026506248477
577	0.9985828012169652	0.0003759133415921546	1.434915758825688	-0.0003759133415921546	0.9985828012169652	-0.6310613516078147
578	0.9998119047509156	0.00023079597614626148	0.7238082853354222	-0.00023079597614626148	0.9998119047509156	-0.37923426791735726
579	0.9995066481115332	0.00024138419764078252	0.5277058607737064	-0.00024138419764078252	0.9995066481115332	1.4945002947964228
580	0.9986955159747152	0.0004128935411517837	1.314841392398599	-0.0004128935411517837	0.9986955159747152	1.351014781272545
581	1.0007124028065864	0.0004049087549515992	-0.4150950738406384	-0.0004049087549515992	1.0007124028065864	-0.30491160575632886
582	1.0000369674500293	0.0010314360120188821	-0.1362675177404562	-0.0010314360120188821	1.0000369674500293	-0.19347711093152098
583	0.9990160255832683	0.0005209888426171395	0.2385132837048502	-0.0005209888426171395	0.9990160255832683	-1.1410285510753904
584	1.0007169079894904	0.0005581485587640431	-0.29071665230138394	-0.0005581485587640431	1.0007169079894904	-0.555176928648869
585	1.0000964790898463	-0.00018327085447470922	-0.7227669368033682	0.00018327085447470922	1.0000964790898463	-1.3699120656987338
586	0.9997908117285514	-0.0003995038336841441	-1.4113113841140232	0.0003995038336841441	0.9997908117285514	-1.531337664296477
587	0.9998527485426436	-0.00013657400004448572	0.16841468846666913	0.00013657400004448572	0.9998527485426436	-0.60723104889771
588	1.0002843338585647	-0.0004724186054720931	-1.6622481593592329	0.0004724186054720931	1.0002843338585647	2.0552103948369185
589	0.9991039433883221	0.00048266407202857413	0.21791047972850652	-0.00048266407202857413	0.9991039433883221	-0.16791044422141654
590	0.9980493697032098	0.0006345249743329711	2.7128929593310795	-0.0006345249743329711	0.9980493697032098	3.377981758833851
591	0.9996249840191307	-0.00015465441644634488	-0.8020699838034565	0.00015465441644634488	0.9996249840191307	0.5567172786320069
592	0.9999659100038085	0.00016681573412319041	1.020148919652822	-0.00016681573412319041	0.9999659100038085	1.2893793302950862
593	0.9994808379806103	0.00031211603975166645	0.32500111884996324	-0.00031211603975166645	0.9994808379806103	2.3690120931236667
594	0.9994781244223506	0.0002634840327295909	-0.1103365985176214	-0.0002634840327295909	0.9994781244223506	1.5749193235198051
595	0.9996379776482204	0.00013251617579387577	2.537230401269599	-0.00013251617579387577	0.9996379776482204	1.4868311741511857
596	1.0003220237894668	-0.0002970156642407534	1.6482492558607802	0.0002970156642407534	1.0003220237894668	0.5240796987522514
597	1.0000541305247763	-0.0003802595214087825	-0.333069824064015	0.0003802595214087825	1.0000541305247763	0.9139617370988363
598	0.9999898332346975	0.0003415321260406625	0.6025524027322409	-0.0003415321260406625	0.9999898332346975	0.33851169645637036
599	0.9996340211372927	0.00014488441967305557	-0.535035825885674	-0.00014488441967305557	0.9996340211372927	1.3798027159262614
600	1.0000259098036137	0.00029575844045417484	0.007342112900407023	-0.00029575844045417484	1.0000259098036137	1.4371806047474955
601	0.9998029044303229	0.0007266891208415461	0.3466783529723867	-0.0007266891208415461	0.9998029044303229	2.0945656345113206
602	0.9986028069737346	0.0007590102687875754	-0.294881635322233	-0.0007590102687875754	0.9986028069737346	0.2984960742596461
603	1.0006809205534868	0.00017838941227957099	-0.35659721927317856	-0.00017838941227957099	1.0006809205534868	1.0665403383414749
604	1.0001648444214866	0.00048530197141357295	2.4379370183221014	-0.00048530197141357295	1.0001648444214866	0.9494242482241813
605	1.0001804859455312	-2.2398443030558634e-05	1.3511222164519776	2.2398443030558634e-05	1.0001804859455312	1.2221363635270295
606	1.000528902955473	1.3765225753551626e-05	-0.35991596472260373	-1.3765225753551626e-05	1.000528902955473	0.011114638692802725
607	1.0006548424072474	0.0007386914529417953	0.7487887869602767	-0.0007386914529417953	1.0006548424072474	1.5132664468721824
608	0.9994023768547153	0.0003207694063537037	1.7796173477522563	-0.0003207694063537037	0.9994023768547153	-0.18878697109199005
609	1.0002005828522893	9.979090787135403e-05	-0.3344660875107209	-9.979090787135403e-05	1.0002005828522893	1.383099067078553
610	0.9996784446101835	8.103220976578168e-05	-0.381211999304979	-8.103220976578168e-05	0.9996784446101835	-0.8603916339161969
611	1.0009777351856821	0.00034954694581634663	0.12741216225575258	-0.00034954694581634663	1.0009777351856821	0.8872485434192325
612	1.0011720716354953	-1.59254645765678e-05	0.5189745105570085	1.59254645765678e-05	1.0011720716354953	-1.5454761483236483
613	0.9994464863883146	0.00016445810536061897	-0.2548848920409969	-0.00016445810536061897	0.9994464863883146	0.39617774225820385
614	1.001045773922683	0.0003947601737786214	-1.5981211761502527	-0.0003947601737786214	1.001045773922683	-0.5154593989144806
615	0.9993503096754532	5.001640838177431e-05	1.7725943518306413	-5.001640838177431e-05	0.9993503096754532	0.5206059117385564
616	1.000479694844484	-6.735190550226716e-05	-0.9888728243440047	6.735190550226716e-05	1.000479694844484	0.34813215589631713
617	0.9995496774475191	0.0008086517039822045	0.7670328650920367	-0.0008086517039822045	0.9995496774475191	0.5677563084421536
618	1.000246709082344	0.00026482017174921693	-0.8293372034527886	-0.00026482017174921693	1.000246709082344	0.7940189366320736
619	1.0007390718262368	0.0007404656573872279	0.7738972421135906	-0.0007404656573872279	1.0007390718262368	-0.9741096162372255
620	0.9998459169521428	-0.0005059842006034816	-1.065138652035938	0.0005059842006034816	0.9998459169521428	-0.2996209441907242
621	1.000479274369761	0.00028174043047324515	-1.033118217866833	-0.00028174043047324515	1.000479274369761	1.22263489710054
622	0.9997671325842995	0.000583036783059931	0.18707478214326062	-0.000583036783059931	0.9997671325842995	1.5220639499656499
623	0.9990916345287334	0.00045313068602295176	0.8631456634444863	-0.00045313068602295176	0.9990916345287334	0.07810591510638576
624	0.9993278914512393	0.00018420161567214122	-0.8523818341486558	-0.00018420161567214122	0.9993278914512393	1.7245861308105142
625	0.9997478418725982	1.1046156074133207e-05	-0.3213941820606939	-1.1046156074133207e-05	0.9997478418725982	-0.15519476274076796
626	1.0016804705264666	-0.00029384854508055495	-1.7074560195705646	0.00029384854508055495	1.0016804705264666	-0.6761456984047298
627	1.0012864163144195	0.0005088466134980651	-1.7049103511089887	-0.0005088466134980651	1.0012864163144195	0.18467408363023408
628	1.0006054041597192	-3.3383016889380196e-06	-0.6862643210970596	3.3383016889380196e-06	1.0006054041597192	-0.8035905856391579
629	1.0008315283986675	-0.00020433087137919167	-0.024225518132574442	0.00020433087137919167	1.0008315283986675	0.6339386503039298
630	1.000737646514128	-0.0008707545109938373	0.16563931646663937	0.0008707545109938373	1.000737646514128	-0.6853924264098018
631	1.00074932392993	-0.000825610766311691	-2.290400173689744	0.000825610766311691	1.00074932392993	1.1433021498097837
632	0.9998352740583091	-0.0006681443314985723	-0.18362405771108137	0.0006681443314985723	0.9998352740583091	1.0403631950113748
633	0.9993047573352225	-0.00031661114265744907	0.673335458931801	0.00031661114265744907	0.9993047573352225	1.9701288896730251
634	0.9999127235917604	-0.0002996251065210291	-0.47256583042187783	0.0002996251065210291	0.9999127235917604	0.8275833037617166
635	0.9985157455988367	-0.0003407756458775543	0.11147695068515505	0.0003407756458775543	0.9985157455988367	1.6825712873998726
636	1.0020343850457958	0.00039763120211287056	-0.4323142832832265	-0.00039763120211287056	1.0020343850457958	0.2099381043746893
637	0.9989300447114803	0.000472065564849331	0.631983638573447	-0.000472065564849331	0.9989300447114803	-0.29043425986571064
638	0.9990721489118273	0.0005479555265418076	1.6430220292468978	-0.0005479555265418076	0.9990721489118273	1.2730175650280855
639	1.0004856910995792	0.000623694828015285	0.1361657651351022	-0.000623694828015285	1.0004856910995792	0.5488185513272609
640	0.999594845265992	0.0003277323016119731	1.9356864083265135	-0.0003277323016119731	0.999594845265992	1.457895955856185
641	1.0001554108367914	-0.0003865968308921566	1.2380966935581446	0.0003865968308921566	1.0001554108367914	-0.03561890930329381
642	1.0001553818051456	-0.0002514675753486517	-0.37831029070126176	0.0002514675753486517	1.0001553818051456	0.69404722652357
643	0.9994856704125877	0.0005090270606802822	0.5464565998798184	-0.0005090270606802822	0.9994856704125877	-0.2762608435813261
644	1.0006674473331176	-4.075061443489387e-05	-0.19088363723128302	4.075061443489387e-05	1.0006674473331176	0.02153465470917436
645	1.0008843668785625	0.00023263414055959265	0.3446130648439796	-0.00023263414055959265	1.0008843668785625	-1.2691857131094137
646	1.0017351430178962	6.064436776859373e-05	-0.7699048690696358	-6.064436776859373e-05	1.0017351430178962	-0.3430820947809428
647	1.0012418648654389	0.00033676089582665035	-0.4074777749195234	-0.00033676089582665035	1.0012418648654389	-0.9812671044191158
648	1.0014933337689358	0.0009456945207955492	-1.3834424381076609	-0.0009456945207955492	1.0014933337689358	0.5860311806671007
649	1.0014326088435677	0.000250321502238795	-2.2186613052668327	-0.000250321502238795	1.0014326088435677	0.21775870165179204
650	0.9997068471036561	0.00040256875803647236	-1.7641391463057308	-0.00040256875803647236	0.9997068471036561	-0.3635374981366737
651	1.0006837324362734	0.0007074753765124346	0.49626914725610644	-0.0007074753765124346	1.0006837324362734	2.414255692557031
652	1.0009263796532568	0.00034369254986512656	0.5968758931773421	-0.00034369254986512656	1.0009263796532568	-2.8621793927102477
653	1.0011211918938567	-0.0005338660342926579	-2.354459821946225	0.0005338660342926579	1.0011211918938567	-0.4095155676104275
654	1.0008709470657506	-2.541597975070361e-05	-2.21757243361568	2.541597975070361e-05	1.0008709470657506	-1.4420057207617623
655	1.0013828279146721	-0.00029629603796608875	-1.7098926678168744	0.00029629603796608875	1.0013828279146721	-0.09161352923594102
656	1.0015436956660841	0.0002993620067716628	-3.2123001393733492	-0.0002993620067716628	1.0015436956660841	-1.5505476729106444
657	1.0002555756304137	-0.00015931790147904307	-1.2180595941989947	0.00015931790147904307	1.0002555756304137	0.5890587962309568
658	1.0000918456980514	0.000541990981973944	-1.730323372838952	-0.000541990981973944	1.0000918456980514	0.4685789796785811
659	1.0001049081564588	0.00043939251030259866	-0.3696932982197346	-0.00043939251030259866	1.0001049081564588	1.7811322854650873
660	1.0006460859649484	0.0003271822724252083	-1.402227083781525	-0.0003271822724252083	1.0006460859649484	1.0306978833125
661	1.0002850626293007	0.0002780008044904163	-0.6979554384774651	-0.0002780008044904163	1.0002850626293007	0.8011146537558667
662	1.0014774810917109	-0.00014589125646959886	-0.4449085803336883	0.00014589125646959886	1.0014774810917109	1.0245576126264506
663	1.0016336803547181	0.00017884321084247882	-0.5145213912057578	-0.00017884321084247882	1.0016336803547181	-1.0524476677042345
664	1.0002147686849796	-0.00042087359003981545	-0.5538633864424172	0.00042087359003981545	1.0002147686849796	-0.3046892722435476
665	1.000616308031401	1.7344547646309244e-05	0.6004415249004506	-1.7344547646309244e-05	1.000616308031401	-0.487782005347955
666	0.9999800921112652	-9.461564743623138e-05	-0.6469434360511033	9.461564743623138e-05	0.9999800921112652	-0.5853261301845007
667	1.0030091451423302	-7.692134209347222e-05	-2.965680803328694	7.692134209347222e-05	1.0030091451423302	-1.2970078546967958
668	1.001564269901817	0.0001597086422673289	-1.8870565009198428	-0.0001597086422673289	1.001564269901817	-0.5024741974446771
669	1.0007413444073454	-0.0003607294055859307	-0.21471869900237595	0.0003607294055859307	1.0007413444073454	-0.014502140517918427
670	1.0008548160881603	-0.00012136998453758023	0.021030959045275632	0.00012136998453758023	1.0008548160881603	0.1342506553043219
671	1.0006753065310587	0.0007383960368088862	-0.9868977664005284	-0.0007383960368088862	1.0006753065310587	0.31213413992215006
672	0.9995972947857023	0.0001223821556437274	0.5903733184528823	-0.0001223821556437274	0.9995972947857023	-1.1385446431002901
673	1.00082650349267	1.358810726251737e-05	0.35741442217221153	-1.358810726251737e-05	1.00082650349267	-0.8962068994487273
674	1.0014427619602042	-0.0004055359231796031	0.20358200740836627	0.0004055359231796031	1.0014427619602042	-3.7733088260511485
675	1.0004496304285664	-5.442052753970496e-07	-1.4598974598947856	5.442052753970496e-07	1.0004496304285664	-0.8653304540473945
676	1.0008557126039592	-0.00020588634914033704	-0.4480299898322213	0.00020588634914033704	1.0008557126039592	-2.4328508836798974
677	1.0002644183883243	-0.0002077255641516865	-1.0547332486989136	0.0002077255641516865	1.0002644183883243	0.6547984777725695
678	1.001059367660429	0.00018306489906814993	-0.8096324593825379	-0.00018306489906814993	1.001059367660429	-1.0050358624450828
679	1.0000061089683592	-0.0001521142879333922	-0.962365207211688	0.0001521142879333922	1.0000061089683592	-0.19224583145342689
680	1.0000694260511045	-0.00012630015219353675	-1.6021205296716283	0.00012630015219353675	1.0000694260511045	0.8503952098029479
681	0.999941720098492	-6.401035205007486e-05	-0.6372873864746776	6.401035205007486e-05	0.999941720098492	-1.365739813801848
682	1.0005726971807025	-9.580930500227797e-05	-1.298952798318902	9.580930500227797e-05	1.0005726971807025	-0.8196690255800193
683	1.0006172110636413	0.0003715866671830337	-1.262568977098055	-0.0003715866671830337	1.0006172110636413	-0.0013295269813664553
684	1.0006298287280184	0.00030855779162866246	-0.23589998793310718	-0.00030855779162866246	1.0006298287280184	-0.6526914591421369
685	1.0006055390302864	-0.00019393681883380674	0.09240440237915082	0.00019393681883380674	1.0006055390302864	-1.2917297888051746
686	1.0003389008524932	-6.612159696864098e-05	-0.5505747274695724	6.612159696864098e-05	1.0003389008524932	1.5303114153562918
687	1.0006990013934727	0.00028337057649693896	-0.3351334875170906	-0.00028337057649693896	1.0006990013934727	-0.18310269630915776
688	1.0000090588365178	0.000264645242835162	-0.025539087300251173	-0.000264645242835162	1.0000090588365178	0.6529515229245213
689	0.9999434832848196	0.0007621378130078917	0.43269511821810586	-0.0007621378130078917	0.9999434832848196	0.43502954239703256
690	1.0004906109325096	0.0006074185555237041	1.3221876509367823	-0.0006074185555237041	1.0004906109325096	1.0143134750908738
691	0.9998218648342592	0.0005241684381876216	0.9930858953582191	-0.0005241684381876216	0.9998218648342592	-0.4962629332725177
692	1.00047397111574	0.0007346115950156578	-0.7037144401095988	-0.0007346115950156578	1.00047397111574	-0.8113457306813827
693	0.999674830157437	0.0003877143915990156	-0.467998863296095	-0.0003877143915990156	0.999674830157437	0.298168123189995
694	1.0007865960364404	0.0015577556608421604	-0.3249288222392177	-0.0015577556608421604	1.0007865960364404	1.7665243260223888
695	1.000325001020558	-0.0002465228835144488	0.8464355121395002	0.0002465228835144488	1.000325001020558	-1.3305604111601543
696	1.000293474384998	0.0004034367113446154	-0.5964597771024343	-0.0004034367113446154	1.000293474384998	-0.2724268346630006
697	1.000070511921267	0.00022188432457753596	0.4311931482779575	-0.00022188432457753596	1.000070511921267	-1.290607304137101
698	1.000773161864713	0.0007105558729082801	0.3102987611055952	-0.0007105558729082801	1.000773161864713	-0.7382072953433056
699	0.9993564868226501	0.0005298646627187796	0.4591488666379737	-0.0005298646627187796	0.9993564868226501	-0.826744581155069
