0	1.0	0.0	0.0	0.0	1.0	0.0
1	1.0	-0.0	0.0	0.0	1.0	0.0
2	1.0000037705488831	-1.5394880859718235e-06	-0.0022429785020029814	1.5394880859718235e-06	1.0000037705488831	0.0016489838981411469
3	0.9998989237396778	-7.020288184809e-06	0.03804719287678426	7.020288184809e-06	0.9998989237396778	0.02087472002530283
4	0.9999286273419808	-1.5581838392168812e-06	0.03590235786874718	1.5581838392168812e-06	0.9999286273419808	0.012851214229336438
5	0.9999233622474766	-6.3302504956992484e-06	0.03424766382374308	6.3302504956992484e-06	0.9999233622474766	0.015588713295107495
6	0.9998772546895612	-4.7945956049290275e-05	0.0711319233049108	4.7945956049290275e-05	0.9998772546895612	0.0017675957040149681
7	0.9999281127447774	-6.0025855361267786e-05	0.057874215379913434	6.0025855361267786e-05	0.9999281127447774	-0.009328682739053637
8	0.9999464691090456	-2.515032388228519e-05	0.040579145597842384	2.515032388228519e-05	0.9999464691090456	-0.006617591332922843
9	0.9999806794455113	-3.4888999591360905e-05	0.03219631517366753	3.4888999591360905e-05	0.9999806794455113	-0.02088598876553747
10	0.9999814425738238	-7.598518023289287e-05	0.05415085994608728	7.598518023289287e-05	0.9999814425738238	-0.03000985095987097
11	0.9998484895794886	-3.6691784262548687e-05	0.06934290173072405	3.6691784262548687e-05	0.9998484895794886	0.01838159810941968
12	0.9998970069886042	-4.499644450755913e-05	0.05997318961338473	4.499644450755913e-05	0.9998970069886042	0.015513053449049243
13	0.9998357834400705	-3.3031112657698613e-06	0.05154802496330216	3.3031112657698613e-06	0.9998357834400705	0.03253313752113759
14	0.9999237780381248	-5.961237405702727e-05	0.055914969673371534	5.961237405702727e-05	0.9999237780381248	0.0012662239698131225
15	0.9998995389290429	-3.2880097056426864e-05	0.047875851206269075	3.2880097056426864e-05	0.9998995389290429	0.014694196031629317
16	0.9998712164447295	-0.00011020886050115658	0.09719119181917969	0.00011020886050115658	0.9998712164447295	-0.014953108343382406
17	0.9999216007438122	-6.727197219776537e-05	0.05944577999893416	6.727197219776537e-05	0.9999216007438122	-0.002617107610861512
18	0.9999030161571136	-6.846304757378166e-05	0.058755093924521246	6.846304757378166e-05	0.9999030161571136	0.010355142865028399
19	0.9998840719083949	-6.326711776199546e-05	0.058264086582977534	6.326711776199546e-05	0.9998840719083949	0.022730328863823757
20	0.9999135201218716	-8.671927464089062e-05	0.06525450123572085	8.671927464089062e-05	0.9999135201218716	0.010541148576225456
21	0.9998019690670744	-0.00010862553525728481	0.09231056787891934	0.00010862553525728481	0.9998019690670744	0.03727196558491871
22	0.9998677274997605	4.045052868728805e-05	0.00418272624911795	-4.045052868728805e-05	0.9998677274997605	0.055062866723942706
23	0.999926170108973	-4.29981698155939e-06	0.014100921927405816	4.29981698155939e-06	0.999926170108973	0.02087876960304408
24	0.999902516972825	3.485944755654471e-06	0.007903959115391324	-3.485944755654471e-06	0.999902516972825	0.030949398256819943
25	0.9999021269116671	-4.5251329296213525e-05	0.029706610763465396	4.5251329296213525e-05	0.9999021269116671	0.02082592953078319
26	0.9999845072330406	-0.0001179415607695182	0.054293371920191194	0.0001179415607695182	0.9999845072330406	-0.019069195377555494
27	0.9999463769169569	-5.257639132378065e-05	0.022398892994422992	5.257639132378065e-05	0.9999463769169569	0.02088128967267497
28	0.9999223325690421	-2.1149497149824354e-06	0.009046115160827263	2.1149497149824354e-06	0.9999223325690421	0.046169871994141576
