0	1.0	0.0	0.0	0.0	1.0	0.0
1	1.0	-0.0	0.0	0.0	1.0	0.0
2	0.9996526797569552	0.0002686722547797337	0.27894371638569293	-0.0002686722547797337	0.9996526797569552	0.4069280911642811
3	0.999576378602053	0.00030595358819906896	0.3223698212042459	-0.00030595358819906896	0.999576378602053	0.5144473566830969
4	0.9999458457696944	0.0003709654459722886	0.17232362484985142	-0.0003709654459722886	0.9999458457696944	0.35889713081040936
5	0.9993947021966479	0.0003655414693022751	0.39902625160945804	-0.0003655414693022751	0.9993947021966479	0.5950498260617408
6	0.9995084006145225	0.0004261284129488353	0.38528329740534606	-0.0004261284129488353	0.9995084006145225	0.5442656439561008
7	0.9993928138148461	0.00035418700091470023	0.3837338739107984	-0.00035418700091470023	0.9993928138148461	0.5018491075679161
8	0.999336998379895	0.0003775934168368727	0.4739616589708355	-0.0003775934168368727	0.999336998379895	0.6092666948087395
9	0.9994705704859679	0.0002691715786749735	0.42299244149419535	-0.0002691715786749735	0.9994705704859679	0.47454666401906337
10	0.9991719436394284	0.0003451734990067571	0.5037485018994639	-0.0003451734990067571	0.9991719436394284	0.6077358760672738
11	0.9992402267974774	0.0004118853563437523	0.5706653565428468	-0.0004118853563437523	0.9992402267974774	0.6244133102527802
12	0.9992714432263065	0.00024644329690333205	0.40204257203961663	-0.00024644329690333205	0.9992714432263065	0.5135662411146971
13	0.999146912838394	0.00026437142192620676	0.5521181254049928	-0.00026437142192620676	0.999146912838394	0.5924045766403451
14	0.9992374200423824	0.00016558233374894455	0.47105539939875385	-0.00016558233374894455	0.9992374200423824	0.41754918896785054
15	0.998928198878011	0.00039412418613090435	0.6259833751253046	-0.00039412418613090435	0.998928198878011	0.688695694582611
16	0.9990114382305667	0.0002268946297382772	0.6786699780733116	-0.0002268946297382772	0.9990114382305667	0.5416123905326391
17	0.9990990221104643	0.00010220740968689489	0.2331638959855884	-0.00010220740968689489	0.9990990221104643	0.7750270078640789
18	0.9991239664419799	0.00014364693075738614	0.8895437724158852	-0.00014364693075738614	0.9991239664419799	-0.039599157410174446
19	0.9993278027087104	0.0003038282841910242	0.6630910190446813	-0.0003038282841910242	0.9993278027087104	0.15425984993754777
20	0.9996233952630476	0.0003709353488253986	0.6881783937949327	-0.0003709353488253986	0.9996233952630476	0.09089792245777997
21	1.0001711943621208	0.000476119769342482	0.17305691363103914	-0.000476119769342482	1.0001711943621208	0.2388498876109072
22	0.9992230459337846	0.00023831621536972154	0.68243864142481	-0.00023831621536972154	0.9992230459337846	0.3853609213698381
23	0.9993558639146138	0.00021855019343257462	0.581694394319176	-0.00021855019343257462	0.9993558639146138	0.09549282597169706
24	0.9990366004072463	0.00042983393214958524	0.8423735903061907	-0.00042983393214958524	0.9990366004072463	0.5069327711947604
25	0.9989665377193995	0.00023825774065491388	0.9830317008403081	-0.00023825774065491388	0.9989665377193995	0.3796146067744395
26	0.9991964665135118	0.00020348520970293806	0.8716985750851861	-0.00020348520970293806	0.9991964665135118	0.38859662222272007
27	0.9987617449368672	0.00034294077544155853	1.3010949451863585	-0.00034294077544155853	0.9987617449368672	0.5950716866302596
28	0.9993893878302272	0.0005505298036219504	0.8138878464626567	-0.0005505298036219504	0.9993893878302272	0.6525428290184783
29	0.9991192505723211	0.000370841094119512	0.7758566867418359	-0.000370841094119512	0.9991192505723211	0.7620675191268884
30	0.9993832705215918	0.00018737244745288474	0.42239577213698853	-0.00018737244745288474	0.9993832705215918	0.5809184993540659
31	0.9985005923510215	0.00016506970869100215	1.0908555959468416	-0.00016506970869100215	0.9985005923510215	0.8820834558074913
32	0.9989373455222302	0.0002475795015190813	0.5059284284809373	-0.0002475795015190813	0.9989373455222302	0.7205970145975524
33	0.9987236115070618	0.00021351582262227884	0.9770862275236222	-0.00021351582262227884	0.9987236115070618	0.8603263663922928
34	0.998851682798388	0.0002404517460729379	1.1067380219191782	-0.0002404517460729379	0.998851682798388	0.6424121735612125
35	0.9982279613320985	7.3571634564626e-05	1.762735647763774	-7.3571634564626e-05	0.9982279613320985	0.874263554202711
36	0.9987599242616418	0.0002914520313814751	1.0562194650794843	-0.0002914520313814751	0.9987599242616418	1.2629085544878647
37	0.9988714580788298	0.00013024167408101536	0.6396601180066542	-0.00013024167408101536	0.9988714580788298	0.9379497503078112
38	0.9988220276135027	0.00025785290151393564	1.2774951660519147	-0.00025785290151393564	0.9988220276135027	0.18104894801994756
39	0.9990976521475892	0.0005556526325447796	0.277154287949787	-0.0005556526325447796	0.9990976521475892	0.5156137795571711
40	0.9983273516576131	0.00036395971654678037	0.7131071314629039	-0.00036395971654678037	0.9983273516576131	1.0777412630396936
41	0.9990472752213134	0.00019025712750653982	1.14840716096754	-0.00019025712750653982	0.9990472752213134	0.3882695195190883
42	0.9986368346882529	0.00026690666599814576	0.8332006521698987	-0.00026690666599814576	0.9986368346882529	0.7068306810283566
43	0.9987952119081231	0.0002031886629955173	0.9118507914678509	-0.0002031886629955173	0.9987952119081231	0.7824012099314526
44	0.9987792374620459	0.00043462093431763485	0.5607733138342341	-0.00043462093431763485	0.9987792374620459	0.6827419318613586
45	0.9984602543621118	0.0005132822618513802	1.016636596398047	-0.0005132822618513802	0.9984602543621118	1.1153118180398727
46	0.9992342054911738	0.000192074894957071	0.3361438732859141	-0.000192074894957071	0.9992342054911738	0.5727901378018089
47	0.998559483797397	0.00014069713757324157	1.0599595779506497	-0.00014069713757324157	0.998559483797397	0.5293383099918924
48	0.9990489514408593	0.0002275651439654901	0.6670953634968142	-0.0002275651439654901	0.9990489514408593	0.46358100296319027
49	0.9990995718746468	9.156563632225515e-05	0.9683408803536965	-9.156563632225515e-05	0.9990995718746468	0.22348595243466612
50	0.998465960105145	0.00030348948352813604	1.5632754484744638	-0.00030348948352813604	0.998465960105145	0.3266131882923551
51	0.9992786578660319	0.00017501154439458376	0.8083051347402317	-0.00017501154439458376	0.9992786578660319	0.17336800247921302
52	0.9989820913668781	0.00044983955526764745	0.8018740987093973	-0.00044983955526764745	0.9989820913668781	0.44600479612309485
53	0.9993208198636846	0.0003005889538261256	0.3747457719186653	-0.0003005889538261256	0.9993208198636846	0.16575104863164924
54	0.9992489941943624	0.0004670077272805349	0.3794941898306998	-0.0004670077272805349	0.9992489941943624	0.2819795437341529
55	0.9985158265537726	0.00028138855661131475	0.7405033992719408	-0.00028138855661131475	0.9985158265537726	0.44374648819358764
56	0.9990158123460791	0.0002482501638585652	0.5609750195370288	-0.0002482501638585652	0.9990158123460791	0.2907410211654623
57	0.9988144400395815	3.3485766524601315e-05	0.7102947066579737	-3.3485766524601315e-05	0.9988144400395815	0.232217842818359
58	0.9990457667704251	7.001660224275073e-05	0.694333006808409	-7.001660224275073e-05	0.9990457667704251	0.20900803693970313
59	0.9993518636461074	0.00010763338452138465	0.4107035143459131	-0.00010763338452138465	0.9993518636461074	0.18868926081539372
60	0.9993899154079655	0.00010237788055534092	0.4298854995140101	-0.00010237788055534092	0.9993899154079655	0.2361074010070847
61	0.9991343083935146	0.00013261828624856937	0.620888297269341	-0.00013261828624856937	0.9991343083935146	0.43339525089842057
62	0.9995267457591398	0.00018989874829922193	0.37748535501918484	-0.00018989874829922193	0.9995267457591398	0.3562965145452081
63	0.9994394904828093	0.00023594364086420246	0.4666480986437022	-0.00023594364086420246	0.9994394904828093	0.3838759219959951
64	0.9990567034061978	9.191810791804696e-05	0.5691789417350405	-9.191810791804696e-05	0.9990567034061978	0.4705856468375365
65	0.9992354693668036	0.00030290201561578516	0.6457261854004932	-0.00030290201561578516	0.9992354693668036	0.49073032967371105
66	0.9988003045954924	4.5126235495662834e-05	0.7656538558507531	-4.5126235495662834e-05	0.9988003045954924	0.7511509603251374
67	0.999201069446241	9.594245565746232e-05	0.41519910999823006	-9.594245565746232e-05	0.999201069446241	0.3085132901526072
68	0.9993394317114758	-6.081199748370769e-06	0.34687729037924125	6.081199748370769e-06	0.9993394317114758	0.5351807666408059
69	0.9989905730985286	0.00017542600703519167	0.3545051277793503	-0.00017542600703519167	0.9989905730985286	0.21143332964693595
70	0.999152190696893	0.000252375916865434	0.4276980470007962	-0.000252375916865434	0.999152190696893	0.8881821862664444
71	0.999000661780716	0.00024120305306951553	0.4406718173136248	-0.00024120305306951553	0.999000661780716	0.42625173227435664
72	0.9991204451702067	0.00027232640490938606	0.4115622184357006	-0.00027232640490938606	0.9991204451702067	0.1667796552859569
73	0.9990338082212625	0.0003002448039096168	0.6983414296764129	-0.0003002448039096168	0.9990338082212625	0.6442462543023635
74	0.9983097141511063	0.00016006537596054588	0.9855982929728551	-0.00016006537596054588	0.9983097141511063	0.8269512841417016
75	0.9986786052154287	0.00024633710382496827	0.6421404477805186	-0.00024633710382496827	0.9986786052154287	0.6176813663937266
76	0.9990068692102557	0.0003609091846031435	0.3043642473016287	-0.0003609091846031435	0.9990068692102557	0.26202018282920436
77	0.999017223727662	0.0002853483874481995	0.513931396250699	-0.0002853483874481995	0.999017223727662	-0.0367941755616676
78	0.999380612929242	0.00019255706061953993	0.20919332712733965	-0.00019255706061953993	0.999380612929242	-0.05233559823847378
79	0.9996407846208836	0.00020495277720816558	0.07994696022510289	-0.00020495277720816558	0.9996407846208836	-0.05297446672855973
80	0.9993946383594356	0.00014360456740181263	0.3187931006245717	-0.00014360456740181263	0.9993946383594356	0.1396403965347659
81	0.9994180322200141	0.00022711807396179345	0.45590448277335605	-0.00022711807396179345	0.9994180322200141	0.13553458611280222
82	0.9989511917183242	0.00010160816771227008	0.562794747040053	-0.00010160816771227008	0.9989511917183242	0.21384302196125782
83	0.9993457476996197	0.00030604327930805974	0.29748895306054285	-0.00030604327930805974	0.9993457476996197	0.25083113006929536
84	0.9991569990014638	0.00023779747436266372	0.36798029654345676	-0.00023779747436266372	0.9991569990014638	0.18495642532174167
85	0.9991998555403819	0.000222115723264985	0.3488197631280183	-0.000222115723264985	0.9991998555403819	0.18335333596866193
86	0.9994974404639998	0.0001668114333936414	0.2193518854968185	-0.0001668114333936414	0.9994974404639998	-0.059310597930742615
87	1.0001218212938663	0.0003440772552155084	-0.051683457629990937	-0.0003440772552155084	1.0001218212938663	-0.20875622992089662
88	0.9991702781622738	0.00021714174471442287	0.3468053602753866	-0.00021714174471442287	0.9991702781622738	0.034642170000290545
89	0.9995033761039879	0.0002916394480064679	0.08838635113200909	-0.0002916394480064679	0.9995033761039879	-0.14638052295096476
90	0.9991942696536202	0.00035256208694329897	0.11066225344920003	-0.00035256208694329897	0.9991942696536202	0.022699300998529792
91	0.9997366110268023	5.7882958534143455e-05	0.12255681717425237	-5.7882958534143455e-05	0.9997366110268023	-0.313487061949538
92	0.9994078843956504	0.00014517392003947848	0.2954752656205769	-0.00014517392003947848	0.9994078843956504	-0.13493236742751752
93	0.9993935909331026	0.00013857248019332233	0.19358914948682052	-0.00013857248019332233	0.9993935909331026	0.06542302758991866
94	0.9994775627391077	0.00015276178850544975	0.19011388952352773	-0.00015276178850544975	0.9994775627391077	-0.04428425571407097
95	0.9993482906198855	0.00030009833665046537	0.182790535071243	-0.00030009833665046537	0.9993482906198855	0.18893083475573547
96	0.9995022898018585	0.00028089327249299	0.07323183062843686	-0.00028089327249299	0.9995022898018585	0.34035418320359456
97	0.999481743358669	0.0004061790838908287	-0.031838010531367145	-0.0004061790838908287	0.999481743358669	0.429447021363101
98	0.9996609411213008	0.00024264817847775188	-0.055978035370527535	-0.00024264817847775188	0.9996609411213008	0.3473146594656745
99	0.9990876823637136	0.00010608852902332839	-0.0005805973793910259	-0.00010608852902332839	0.9990876823637136	0.614929898031335
100	0.9990384029260434	0.00010488853904077472	0.1076198424048882	-0.00010488853904077472	0.9990384029260434	0.7174739305385431
101	0.9998337649417244	0.0002493218053143001	-0.07459853819997256	-0.0002493218053143001	0.9998337649417244	0.617368157658628
102	0.999232049717385	0.00019841750567536778	0.030347576237223617	-0.00019841750567536778	0.999232049717385	0.8654411387924958
103	0.9994391027144441	0.00012572981191849952	0.07954623553261249	-0.00012572981191849952	0.9994391027144441	0.6671356033101552
104	1.0002761786690808	0.00034087015729907986	-0.12538624680862487	-0.00034087015729907986	1.0002761786690808	0.5061422451559192
105	0.9995202618073347	3.6375881712060436e-05	0.055382174973986176	-3.6375881712060436e-05	0.9995202618073347	0.39013680330366995
106	0.9994353426026557	7.702671781942031e-05	0.08707533859563743	-7.702671781942031e-05	0.9994353426026557	0.6551608880652344
107	0.9996100626373593	2.689174772730582e-05	0.03347545531388196	-2.689174772730582e-05	0.9996100626373593	0.3647231772975987
108	0.999716778195185	-1.7062925317515895e-05	-0.12573248009015406	1.7062925317515895e-05	0.999716778195185	0.24129577303238792
109	0.9998826853223884	0.0001522660700533543	-0.12479767372419047	-0.0001522660700533543	0.9998826853223884	0.22075917661141986
110	0.9999249822830965	5.7503245227963276e-05	-0.14080679571870072	-5.7503245227963276e-05	0.9999249822830965	0.06901737008607041
111	0.9999598455739551	-5.1097060474516835e-05	-0.2554291261082944	5.1097060474516835e-05	0.9999598455739551	-0.022724841273574325
112	0.9997508956586393	-9.894756848787923e-06	-0.18673580602908976	9.894756848787923e-06	0.9997508956586393	0.031221384179192284
113	0.9998863710330324	-1.593142259758531e-05	-0.21367892355236828	1.593142259758531e-05	0.9998863710330324	0.04211916290879687
114	0.9998324342280509	2.9600843187865406e-05	-0.07693411730391284	-2.9600843187865406e-05	0.9998324342280509	0.03061717008362421
115	0.9996503553551573	-3.073525573372647e-05	0.07382567883499487	3.073525573372647e-05	0.9996503553551573	0.0301505790707977
116	0.9994069526597644	-7.370200602868095e-05	0.18353646332094775	7.370200602868095e-05	0.9994069526597644	0.012572707261023663
117	0.9997992750700592	6.360897883515271e-05	-0.08744426517325034	-6.360897883515271e-05	0.9997992750700592	0.05261581715546507
118	0.9997398239780371	1.7465979580796832e-05	0.13003015352097505	-1.7465979580796832e-05	0.9997398239780371	-0.13154551770360104
119	0.9999873475943475	0.00011370049274667374	-0.09646270659875211	-0.00011370049274667374	0.9999873475943475	0.049558533309899344
120	0.999599869046808	3.588324257342121e-06	0.3513935404835651	-3.588324257342121e-06	0.999599869046808	0.021609187270379415
121	0.9997755066374667	-0.00014278869961704407	0.10588907723547236	0.00014278869961704407	0.9997755066374667	-0.2594082099042308
122	0.9993248545652259	-0.00025468692051006846	0.26517482472105364	0.00025468692051006846	0.9993248545652259	0.0019353627581227646
123	0.9993031159302537	-0.00024269263107417688	0.292642153435837	0.00024269263107417688	0.9993031159302537	0.051246315393015454
124	0.9987905469088427	-0.00019784438125242565	0.5751370110680485	0.00019784438125242565	0.9987905469088427	0.23993925305757363
125	0.9995181719336457	-5.2571413005956646e-05	0.16610630482066358	5.2571413005956646e-05	0.9995181719336457	0.08421507046579446
126	0.9997291929224386	8.586912429371714e-05	-0.12139882298872716	-8.586912429371714e-05	0.9997291929224386	0.09695509859096452
127	0.9991479386727472	6.709471970767482e-05	0.27876656523270316	-6.709471970767482e-05	0.9991479386727472	0.3251283350658418
128	0.9992763887490326	-1.8035150802008047e-06	0.21562466265593164	1.8035150802008047e-06	0.9992763887490326	0.3207061588861989
129	0.9993270580208813	-4.233042622563426e-05	0.18642018184032919	4.233042622563426e-05	0.9993270580208813	0.23187818486738282
130	0.9990295791342834	-5.953505290887465e-05	0.38881031563889284	5.953505290887465e-05	0.9990295791342834	0.389789757722061
131	0.9991353173722481	-6.160012337372917e-05	0.3773140507414761	6.160012337372917e-05	0.9991353173722481	0.36732358014934474
132	0.9992047904413529	-6.213142296524954e-05	0.2842497724296952	6.213142296524954e-05	0.9992047904413529	0.34897256346604144
133	0.9989388973100697	5.612267149034209e-05	0.366324863083872	-5.612267149034209e-05	0.9989388973100697	0.4733807511869379
134	0.9988921949006475	-7.602662369786727e-05	0.40789754851189897	7.602662369786727e-05	0.9988921949006475	0.36282173420352504
135	0.9962768813999108	-0.0003116563392328433	2.475050214119875	0.0003116563392328433	0.9962768813999108	0.9717789328456055
136	0.9985977320018711	-0.00011996785959936818	0.4754805522770168	0.00011996785959936818	0.9985977320018711	0.5651578586581881
137	0.9989325772855538	-0.00013003109033719808	0.2774337190040157	0.00013003109033719808	0.9989325772855538	0.2801395470062178
138	0.9981175755293843	-0.00030093332564558794	0.762860069706575	0.00030093332564558794	0.9981175755293843	0.4611412473154409
139	0.9989623339003711	-6.969313534820678e-05	0.29283151588424067	6.969313534820678e-05	0.9989623339003711	0.4226064075158177
140	0.9990299318555262	4.319822069807162e-06	0.2546069926039691	-4.319822069807162e-06	0.9990299318555262	0.3612166279829143
141	0.9986893774495773	-0.0002009454044169627	0.4606093896685872	0.0002009454044169627	0.9986893774495773	0.37817042110187593
142	0.9986104717333131	-1.0824457091569974e-05	0.4809060747683936	1.0824457091569974e-05	0.9986104717333131	0.49574930517522814
143	0.9991835846501811	-2.0990228573858304e-05	0.20743804788022255	2.0990228573858304e-05	0.9991835846501811	0.3382354197196902
144	0.9992308137849664	6.284940321145871e-05	0.16944533238832277	-6.284940321145871e-05	0.9992308137849664	0.39589271211073956
145	0.998912524189649	4.9217378396972013e-05	0.44668221045622925	-4.9217378396972013e-05	0.998912524189649	0.5461211075529642
146	0.999008466529684	0.00012329772560437733	0.35375172916495984	-0.00012329772560437733	0.999008466529684	0.6750417087819096
147	0.9989668829426332	4.362663343901712e-05	0.1935820505988003	-4.362663343901712e-05	0.9989668829426332	0.5599704965188981
148	0.9994604646625774	-3.9110186702677864e-05	-0.08330356726399109	3.9110186702677864e-05	0.9994604646625774	0.6366074054326488
149	0.9983439544548669	-3.6805589053429926e-05	0.2953233727686966	3.6805589053429926e-05	0.9983439544548669	1.0786880447005225
150	0.9989164330450948	-0.00024399904427821486	0.19428769275247987	0.00024399904427821486	0.9989164330450948	0.9578192176439106
151	0.9986642590080064	-0.0003075417577407326	0.6055306767298333	0.0003075417577407326	0.9986642590080064	0.9542046819920523
152	0.9986569333922637	-5.608444373659117e-06	0.43959864860267517	5.608444373659117e-06	0.9986569333922637	1.057346570482028
153	0.9983216405174098	-0.00015447059415894815	0.7380083775471458	0.00015447059415894815	0.9983216405174098	1.145083156029895
154	0.9986923208393162	-0.00026746887621897	0.8620481142865642	0.00026746887621897	0.9986923208393162	1.1130503044909785
155	0.9987521606120884	-0.00037694964625088637	0.9707132370159125	0.00037694964625088637	0.9987521606120884	1.029781660031739
156	0.9991123158080613	-0.00025829639360099206	0.9605980379844217	0.00025829639360099206	0.9991123158080613	0.8931274176840313
157	0.9987827296933696	-0.00011218782809929701	1.0357626757574259	0.00011218782809929701	0.9987827296933696	0.8202738851545701
158	0.9988320001131049	-0.00026248687422480413	1.401371430809169	0.00026248687422480413	0.9988320001131049	0.749622841473959
159	0.9988821534670088	-0.00028064010571795373	1.3218610050024813	0.00028064010571795373	0.9988821534670088	0.6750980930328914
160	0.9984654113818626	-0.0001819813345192143	1.5850526531932978	0.0001819813345192143	0.9984654113818626	0.8774024813707674
161	0.9991982308634091	-0.00029587784756808294	1.1442745901046734	0.00029587784756808294	0.9991982308634091	0.41245058140371293
162	0.9984811102855062	-0.00028996617378568567	1.2501442872546211	0.00028996617378568567	0.9984811102855062	0.6633714604947901
163	0.9985576764230741	-0.000141586567603904	1.3369499087298946	0.000141586567603904	0.9985576764230741	0.8156440598690954
164	0.9982812053402297	6.129316803454626e-06	1.290368501574734	-6.129316803454626e-06	0.9982812053402297	0.8891784484203988
165	0.9988281400874267	8.210569191741823e-05	0.7972803813098581	-8.210569191741823e-05	0.9988281400874267	0.7949272405031058
166	0.9989183045166373	5.582873631827627e-05	0.5688468854743707	-5.582873631827627e-05	0.9989183045166373	0.5184956651255959
167	0.999305143172661	2.4029238481299443e-05	0.06187839956030489	-2.4029238481299443e-05	0.999305143172661	0.4151865123014542
168	0.9987097865300993	2.3121585874128154e-05	0.5094964537132571	-2.3121585874128154e-05	0.9987097865300993	0.5557464898683218
169	0.9993197926142148	-3.748017007040579e-05	0.0973672539244311	3.748017007040579e-05	0.9993197926142148	0.4032769487359767
170	0.9994589745630074	-2.34024144236761e-05	0.04456721925873164	2.34024144236761e-05	0.9994589745630074	0.25571693164238396
171	0.9994156976810815	-1.5869005588014e-05	-0.03973663556516904	1.5869005588014e-05	0.9994156976810815	0.20341088806144475
172	0.9993557787943901	0.00010953959083186944	0.03353071349223935	-0.00010953959083186944	0.9993557787943901	0.24616453894781556
173	0.9992206462555354	0.00023274971065393308	0.046528833332389136	-0.00023274971065393308	0.9992206462555354	0.3255962983662608
174	0.9992159455446006	4.4641253613530616e-05	0.2882775759036055	-4.4641253613530616e-05	0.9992159455446006	0.3851666677157717
175	0.9995555425972605	-5.5240142896446e-05	-0.13322538113631435	5.5240142896446e-05	0.9995555425972605	0.04981782336441521
176	0.9995300747166856	-0.00019471294684370006	-0.04237774563477749	0.00019471294684370006	0.9995300747166856	-0.553461472475753
177	0.9995216081157866	0.00030910709340623504	0.04946561999401685	-0.00030910709340623504	0.9995216081157866	-0.24997059112137032
178	0.9994134399130818	0.00035295047470514996	0.12268600572159559	-0.00035295047470514996	0.9994134399130818	-0.1335343906749359
179	0.9992587117655262	0.00011503007432252506	0.6226243059849983	-0.00011503007432252506	0.9992587117655262	-0.5163459166716107
180	0.9997376654153008	0.0002419135899117895	0.12614257501123322	-0.0002419135899117895	0.9997376654153008	-0.37085017240502177
181	0.9989048508302738	0.00015439805600966645	0.7788153408077525	-0.00015439805600966645	0.9989048508302738	0.30340327326361816
182	0.9980495282199704	0.00014428283091876513	1.6231437650013278	-0.00014428283091876513	0.9980495282199704	1.0129823125177362
183	0.99845565124649	-0.00028660525830934234	1.0406229272354859	0.00028660525830934234	0.99845565124649	0.5941466301879101
184	0.9988243123938673	-0.0001617744377732375	0.7016357101406012	0.0001617744377732375	0.9988243123938673	0.5765931142702097
185	0.9989022735161254	-5.097525995145353e-05	0.30425824442512794	5.097525995145353e-05	0.9989022735161254	0.6977738620320522
186	0.9988803179504867	-0.00011293875945500452	0.8062136623814812	0.00011293875945500452	0.9988803179504867	0.47083096183412
187	0.9990556809781646	6.924567894365268e-06	0.8402874972571038	-6.924567894365268e-06	0.9990556809781646	0.5218374329587548
188	0.9992883075138711	-5.758719733393175e-05	0.6267981831440019	5.758719733393175e-05	0.9992883075138711	0.4388942248225616
189	0.9989656814067848	-6.298017696141549e-06	0.57426401732608	6.298017696141549e-06	0.9989656814067848	0.45196773046243727
190	0.999084399798169	-0.00014610362571697597	0.5108849475475233	0.00014610362571697597	0.999084399798169	0.41242924884183607
191	0.9992767985754035	-1.3088668604858118e-05	0.3313536558469681	1.3088668604858118e-05	0.9992767985754035	0.3661896508627481
192	0.9987718514169704	-0.0001498001033113253	0.9717344350088327	0.0001498001033113253	0.9987718514169704	0.5070403599980866
193	0.9990512227888432	-5.116549971559076e-05	0.7762546368957592	5.116549971559076e-05	0.9990512227888432	0.42732459996960837
194	0.9997137695101371	-0.00020612173658043556	0.2667057192976243	0.00020612173658043556	0.9997137695101371	0.1817971004389455
195	0.9994546067386421	-0.0001699861253235392	0.33901762530426743	0.0001699861253235392	0.9994546067386421	0.22106621765834505
196	0.9993709842825039	2.4933292600047724e-05	0.36050287589311225	-2.4933292600047724e-05	0.9993709842825039	0.26435822737832865
197	0.9993789328377719	-0.00012299005841422033	0.24945909518440595	0.00012299005841422033	0.9993789328377719	0.21150917188007512
198	0.998993234728377	-0.0002688955501048421	0.3551538201583363	0.0002688955501048421	0.998993234728377	0.24030359402740772
199	0.9991927725339816	-0.00014676737474257384	0.5309769909915979	0.00014676737474257384	0.9991927725339816	0.09985955206757798
200	0.999179262565863	-0.00014707057935564572	0.5070611522963314	0.00014707057935564572	0.999179262565863	-0.005645882222447607
201	0.9995230354984415	-2.4553917113713728e-05	0.37010755561279396	2.4553917113713728e-05	0.9995230354984415	-0.11391304046487646
202	0.9995842446882327	-9.662296007424058e-05	0.16661344602568723	9.662296007424058e-05	0.9995842446882327	-0.2520953195615938
203	0.9989973562562234	6.419271965794462e-05	0.7286926275836635	-6.419271965794462e-05	0.9989973562562234	-0.19882844852931947
204	0.9994315557147045	4.404941383854546e-05	0.5041774324440369	-4.404941383854546e-05	0.9994315557147045	-0.3612820127452889
205	0.9998957452020677	4.416398635776081e-05	0.15038450514052126	-4.416398635776081e-05	0.9998957452020677	-0.5676252993309975
206	0.9998484830811264	0.00010980956762728143	0.39590336797079306	-0.00010980956762728143	0.9998484830811264	-0.3415315491467451
207	0.9994939004492451	2.8315493167716963e-05	0.6281001574293875	-2.8315493167716963e-05	0.9994939004492451	-0.5415489608880751
208	0.9998665447239916	-2.934068613414699e-05	0.15814031426806563	2.934068613414699e-05	0.9998665447239916	-0.499892549350361
209	0.9995638409969164	-1.628461375732717e-05	0.5084909092308241	1.628461375732717e-05	0.9995638409969164	-0.32689979757201526
210	0.9991067086153623	1.6007483522442836e-05	0.7488419699058492	-1.6007483522442836e-05	0.9991067086153623	-0.03165909708730386
211	0.9997423055653142	3.0762678962303577e-05	0.3246105310694146	-3.0762678962303577e-05	0.9997423055653142	-0.016198455121839317
212	0.9995906327413194	0.00010882109822123618	0.3481592853119974	-0.00010882109822123618	0.9995906327413194	0.20425893785875732
213	1.0001001138237255	-8.00643038535686e-05	-0.0980056576479204	8.00643038535686e-05	1.0001001138237255	-0.1327495149334334
214	1.0005352291358287	-0.0002013380373711137	-0.6213227758238267	0.0002013380373711137	1.0005352291358287	-0.13572524352099702
215	0.9991566415198975	-2.703454089221381e-05	0.8077435391951767	2.703454089221381e-05	0.9991566415198975	0.5605622101733049
216	0.9999450738615115	-0.0001237409852113887	0.11391274449956712	0.0001237409852113887	0.9999450738615115	0.11636390283803766
