0	1.0	0.0	0.0	0.0	1.0	0.0
1	1.0	3.700860107858409e-19	3.238621661134452e-14	-3.700860107858409e-19	1.0	1.457309569873064e-14
2	0.9999950514065649	2.0014173993139614e-06	-0.004722795887440193	-2.0014173993139614e-06	0.9999950514065649	-0.002081265532427559
3	1.0000060822401462	-5.7859646413269e-06	-0.000473704494342031	5.7859646413269e-06	1.0000060822401462	-0.010722569032931645
4	0.9999970409744027	-2.1380316395161775e-07	0.00041293275856584064	2.1380316395161775e-07	0.9999970409744027	-0.001335842340326904
5	0.999753195506386	0.00029652431847729146	0.09915983511985704	-0.00029652431847729146	0.999753195506386	0.1451789105958387
6	0.9999883617495623	1.1181443526968106e-05	0.0008057326424406978	-1.1181443526968106e-05	0.9999883617495623	0.009284442609871737
7	0.9997200725490396	0.0003548951639404081	0.08536041627321768	-0.0003548951639404081	0.9997200725490396	0.23768099117464128
8	0.9999947276883232	4.216043055303432e-06	0.0019196240328555867	-4.216043055303432e-06	0.9999947276883232	0.004133722783279937
9	0.9996651487182965	0.00032416176770946057	0.09330365810609331	-0.00032416176770946057	0.9996651487182965	0.2648885970507022
10	0.9999717222125629	7.864407241641435e-06	0.015107423211271955	-7.864407241641435e-06	0.9999717222125629	0.013642126939976355
