0	1.0	0.0	0.0	0.0	1.0	0.0
1	1.0	-0.0	0.0	0.0	1.0	0.0
2	0.9993877192461241	-9.716516536369493e-05	0.21840297461229735	9.716516536369493e-05	0.9993877192461241	0.11551544466608464
3	0.9993513873554654	-3.837027152802909e-05	0.1933524192877355	3.837027152802909e-05	0.9993513873554654	0.2427007867402191
4	0.999416743294969	-1.5188062986861038e-05	0.1828790963070627	1.5188062986861038e-05	0.999416743294969	0.21261007512208904
5	0.9993413089415194	-6.37127961534373e-06	0.19596103778301296	6.37127961534373e-06	0.9993413089415194	0.24182413303244688
6	0.999426237601158	8.721295550794401e-06	0.1578698475372602	-8.721295550794401e-06	0.999426237601158	0.21664702361087976
7	0.9994724858014473	-4.533800351011974e-05	0.14242536253102422	4.533800351011974e-05	0.9994724858014473	0.19741234655244352
8	0.9994232196333616	-2.711304198926433e-06	0.1772711040857382	2.711304198926433e-06	0.9994232196333616	0.22528633337336235
9	0.9993721103053732	-1.0196315115809226e-05	0.1731011290839959	1.0196315115809226e-05	0.9993721103053732	0.23363324499173632
10	0.9992992159994336	-2.601508372402902e-05	0.17809554252696633	2.601508372402902e-05	0.9992992159994336	0.26256710950757867
11	0.9992952275610589	4.092904167419978e-05	0.15041388394599908	-4.092904167419978e-05	0.9992952275610589	0.2763724581159639
12	0.9995690682848167	2.3609045550404012e-05	0.084442444006231	-2.3609045550404012e-05	0.9995690682848167	0.20094508253846166
13	0.9993706570250115	-2.614839169832736e-05	0.11234562595461794	2.614839169832736e-05	0.9993706570250115	0.29228716053271986
14	0.9993462369682165	-7.754470537343883e-05	0.15992210166274928	7.754470537343883e-05	0.9993462369682165	0.21214331412470455
15	0.9992850329570407	-1.5535265082763235e-05	0.17189218921724134	1.5535265082763235e-05	0.9992850329570407	0.23745348403136485
16	0.9993333649291823	-7.949613527298907e-05	0.17602687573506515	7.949613527298907e-05	0.9993333649291823	0.23455739341825677
17	0.9993824196394356	-6.0656902891487646e-05	0.14308690018640216	6.0656902891487646e-05	0.9993824196394356	0.2068860260307851
18	0.9996630642471305	-6.778038875650781e-06	0.04342480061883236	6.778038875650781e-06	0.9996630642471305	0.12762325856847956
19	0.9993634189203285	-4.9573453151345333e-05	0.17545380307043829	4.9573453151345333e-05	0.9993634189203285	0.5602879760432039
20	0.9994464163318275	-5.367300814361144e-05	0.08066630104088893	5.367300814361144e-05	0.9994464163318275	0.1528531283794959
21	0.9995737788826474	4.410687257745975e-05	0.0014434086664851797	-4.410687257745975e-05	0.9995737788826474	0.485131762849657
22	0.9992524820515022	-9.700556665393543e-05	0.24252718621063984	9.700556665393543e-05	0.9992524820515022	0.4902141843576234
23	0.9994829542012864	-0.00013911141941151298	0.13121098799457145	0.00013911141941151298	0.9994829542012864	-0.34422773619261654
24	0.9995758920444323	-3.0125908940176753e-05	0.0063059049426912525	3.0125908940176753e-05	0.9995758920444323	-0.06435153286548002
25	0.9993887307478801	-8.348968277190424e-05	0.16636151230518276	8.348968277190424e-05	0.9993887307478801	0.4935975983627564
26	0.999495660902819	-8.546662046252206e-05	0.16137193278733877	8.546662046252206e-05	0.999495660902819	0.2537269720387471
27	0.9994061684409955	-6.523505391573767e-05	0.15861241217388738	6.523505391573767e-05	0.9994061684409955	0.19333601232766534
28	0.9994581651176108	-4.977177223632924e-05	0.10673060261798395	4.977177223632924e-05	0.9994581651176108	0.18123380533657885
29	0.9993251050008821	-6.279020628341314e-05	0.16672704592957246	6.279020628341314e-05	0.9993251050008821	0.44361551997796106
30	0.9994508941628469	-0.00010934162911104898	0.1780742161452061	0.00010934162911104898	0.9994508941628469	0.005160324651477309
31	0.9996674567133761	-0.0001503359429090175	0.07238483698305043	0.0001503359429090175	0.9996674567133761	-0.43378457400976733
32	0.9994027619478963	-0.00013633208938716842	0.16108077286364872	0.00013633208938716842	0.9994027619478963	0.20789385254637105
33	0.9993667496870802	-0.00014687056536799955	0.1831938850836969	0.00014687056536799955	0.9993667496870802	0.11349279924394667
34	0.9997074141871332	-0.0001584661417262811	0.04859561943566287	0.0001584661417262811	0.9997074141871332	-0.16537158587511935
35	0.999468351817807	-0.00020757457842770225	0.1910060691029012	0.00020757457842770225	0.999468351817807	0.14718623403304731
36	0.9995795016926075	-0.0002035430559779857	0.12658484001385595	0.0002035430559779857	0.9995795016926075	0.06397091741732434
37	0.9996363163712144	-0.00017463481880742077	0.1428828584012581	0.00017463481880742077	0.9996363163712144	0.10501819623942907
38	0.9998160366654837	-5.694745440485853e-05	-0.024138799225747076	5.694745440485853e-05	0.9998160366654837	0.11470297023056214
39	0.9995927030902576	-0.00011992020331694645	0.11016916578070521	0.00011992020331694645	0.9995927030902576	0.5145459208364339
40	0.9997206438765197	-9.37005880233442e-05	0.016670438948188766	9.37005880233442e-05	0.9997206438765197	-0.021113078942112146
41	0.9996576999408637	-0.00017717005357551467	0.07044649857383518	0.00017717005357551467	0.9996576999408637	-0.2259561744592725
42	0.9996515863841956	-0.00011332008272232128	-0.030902114665389786	0.00011332008272232128	0.9996515863841956	-0.25793314278796536
43	0.9997755471461065	-0.00011736441520273852	-0.0016948820982545243	0.00011736441520273852	0.9997755471461065	-0.08303259012757325
44	0.999856451887068	-0.00010779005807910367	-0.048922312463567375	0.00010779005807910367	0.999856451887068	-0.06929446845459375
45	0.9996410199153217	-6.390863229981598e-05	-0.034848759016610165	6.390863229981598e-05	0.9996410199153217	0.058237038379638846
46	0.9996916189453559	-8.676819476066631e-05	-0.027257225704813516	8.676819476066631e-05	0.9996916189453559	0.024027438952191116
47	0.9996113228678499	-8.674260313316788e-05	-0.04678323282421728	8.674260313316788e-05	0.9996113228678499	0.08509932766768409
48	0.9996116151942364	-0.00010506553953546735	-0.04075183426738964	0.00010506553953546735	0.9996116151942364	0.11527701096792467
49	0.999609156205283	-0.00012939297250367114	-0.03195637365981799	0.00012939297250367114	0.999609156205283	-0.045448323951277306
50	0.9997435292066038	-0.00016173217611996105	-0.05923731701722522	0.00016173217611996105	0.9997435292066038	-0.1314360950305187
51	0.9997563256773234	-0.00018326199806276277	-0.048046591079364605	0.00018326199806276277	0.9997563256773234	-0.08049615274668653
52	0.99982654307448	-0.00020464140601652008	-0.05590341952721483	0.00020464140601652008	0.99982654307448	-0.04847935722754604
53	0.9998130783578377	-0.00025307336791220676	-0.018891894213721273	0.00025307336791220676	0.9998130783578377	-0.07076260916549378
54	0.9999092575834456	-0.00023345736681153998	-0.021700865844151374	0.00023345736681153998	0.9999092575834456	-0.10724308296868595
55	1.0000189257868703	-0.0002485196608602273	-0.0028676843200993083	0.0002485196608602273	1.0000189257868703	-0.13042364417075983
56	1.0000208433142614	-0.0001846729547172074	-0.041883887186163676	0.0001846729547172074	1.0000208433142614	-0.08139701101651639
57	0.9999887341429736	-0.00020937646382880468	-0.01814705888016305	0.00020937646382880468	0.9999887341429736	-0.07934578976482212
58	1.0000112665493794	-0.0001595883887561121	-0.04001740699769016	0.0001595883887561121	1.0000112665493794	-0.11678379133399068
59	1.0001051116074369	-0.00013066836133813613	-0.07313548704761634	0.00013066836133813613	1.0001051116074369	-0.198128876538087
60	1.0001084482453269	-0.00017312101955407202	-0.07556325566815172	0.00017312101955407202	1.0001084482453269	-0.3731617560434239
61	1.0000878616335216	-9.693904831065611e-05	-0.06314671472247695	9.693904831065611e-05	1.0000878616335216	-0.3255208988244285
62	1.0001084770246282	-8.978351038328684e-05	-0.10868969275654156	8.978351038328684e-05	1.0001084770246282	-0.2174908414221582
63	1.0001033681093485	-9.124619366612535e-05	-0.08964620076131216	9.124619366612535e-05	1.0001033681093485	-0.2149953013826748
64	1.0000294254571744	-6.613160573170874e-05	-0.11633246428409695	6.613160573170874e-05	1.0000294254571744	-0.24752840433017873
65	0.9999708778606891	-5.882075474837635e-05	-0.10376619698153182	5.882075474837635e-05	0.9999708778606891	-0.17082314318611364
66	1.0000167995167932	-0.00011457730089214952	-0.09332740056226013	0.00011457730089214952	1.0000167995167932	-0.25241114157330774
67	0.9999411146367273	-0.00011428880390764479	-0.0753522616778313	0.00011428880390764479	0.9999411146367273	-0.2172228535539414
68	1.0000897236641662	-0.0001400856845668974	-0.08062962033433063	0.0001400856845668974	1.0000897236641662	-0.3124799616447158
69	0.9999117903374217	-0.00018943337330399826	-0.04359542711825168	0.00018943337330399826	0.9999117903374217	-0.264385948296604
70	0.999957404222469	-0.00013584284840401713	-0.055603945955283604	0.00013584284840401713	0.999957404222469	-0.24192028009079966
71	1.000061153144273	-0.0001672008454833619	-0.06704942342659041	0.0001672008454833619	1.000061153144273	-0.3215861554319405
72	1.000207921262419	-0.00014177276709397116	-0.10877225693015989	0.00014177276709397116	1.000207921262419	-0.32321736862504935
73	1.0000843790594454	-0.0001943982775527949	-0.039888197879103776	0.0001943982775527949	1.0000843790594454	-0.32626369250967546
74	1.0002584408216706	-0.0001257098390772163	-0.10994153526230588	0.0001257098390772163	1.0002584408216706	-0.24390602654047847
75	0.9999841586423067	-8.019402829327836e-05	-0.05751000949087628	8.019402829327836e-05	0.9999841586423067	-0.204254673458701
76	1.000203684778402	-8.052587814586504e-05	-0.11785232344802322	8.052587814586504e-05	1.000203684778402	-0.2143917719486961
77	1.0003009432604548	-0.00015195998535474066	-0.08581722838456163	0.00015195998535474066	1.0003009432604548	-0.21335633876285054
78	1.0003295072727627	-0.0001331544062583376	-0.14177094997668283	0.0001331544062583376	1.0003295072727627	-0.2470929936389206
79	1.0004331905136128	-0.00011016905252284626	-0.17186757623559812	0.00011016905252284626	1.0004331905136128	-0.27514757271224877
80	1.0004726164094564	-9.689919578921875e-05	-0.17051950342337546	9.689919578921875e-05	1.0004726164094564	-0.24924779443669504
81	1.0003627619202342	-8.400312972565223e-05	-0.16210154298821278	8.400312972565223e-05	1.0003627619202342	-0.18951985465685012
82	1.0003040424705378	-6.758195250819638e-05	-0.17468100945640494	6.758195250819638e-05	1.0003040424705378	-0.1688387188881498
83	1.0002195683916748	-8.963560150007611e-05	-0.15151816720749467	8.963560150007611e-05	1.0002195683916748	-0.1300509381352031
84	1.0002024415701467	-0.00011390693816991848	-0.13637562128955116	0.00011390693816991848	1.0002024415701467	-0.09724577746516538
85	1.0000478066244087	-8.233478572743817e-05	-0.1316094342966405	8.233478572743817e-05	1.0000478066244087	0.0016945337279271491
86	1.0001828390689838	-0.00014657555584110163	-0.13241232925543167	0.00014657555584110163	1.0001828390689838	-0.09718767679657186
87	1.0001096891314865	-0.00019129714475154977	-0.08910669985168339	0.00019129714475154977	1.0001096891314865	-0.07085015771144278
88	1.0001325839941344	-0.00015586520189305903	-0.08886491467249195	0.00015586520189305903	1.0001325839941344	-0.04562984736329716
89	1.000189618390224	-0.00022075111465375913	-0.090574778643905	0.00022075111465375913	1.000189618390224	-0.03903277783608904
90	1.0001848449457877	-0.00015527378409904908	-0.1737039135124281	0.00015527378409904908	1.0001848449457877	-0.1085562791152697
91	1.0002323703128768	-0.00010748934242979937	-0.12398280293674226	0.00010748934242979937	1.0002323703128768	-0.0548792782223943
92	1.0002754200148358	-1.811875642892372e-05	-0.1501300654361508	1.811875642892372e-05	1.0002754200148358	0.013959334311905007
93	1.000288620825888	-5.113547541717818e-05	-0.14025401117741187	5.113547541717818e-05	1.000288620825888	-0.06169685716274609
94	1.0003523784051043	-5.641290920210622e-05	-0.15123285310866785	5.641290920210622e-05	1.0003523784051043	-0.10162631137385904
95	1.0004168289749584	-0.00010762671529918867	-0.1643577864562474	0.00010762671529918867	1.0004168289749584	-0.13172258731987338
96	1.0004050356068301	-8.219458274466186e-05	-0.1772792511297206	8.219458274466186e-05	1.0004050356068301	-0.09242861303239057
97	1.0003746432598506	-7.044840757878249e-05	-0.2252239997244852	7.044840757878249e-05	1.0003746432598506	-0.05965849262302608
98	1.0004163569209974	-0.00010594817991965454	-0.18974040160427197	0.00010594817991965454	1.0004163569209974	-0.17610769101205573
99	1.000395181803739	-7.704263504155021e-05	-0.17837541034430365	7.704263504155021e-05	1.000395181803739	-0.1694069215879343
100	1.0005023881905193	-0.00010682124761965715	-0.17972944987523973	0.00010682124761965715	1.0005023881905193	-0.21490192734192637
101	1.0004565928494649	-0.0001381341144110743	-0.13561321256106776	0.0001381341144110743	1.0004565928494649	-0.20865702267222677
102	1.0005258106199713	-0.00018400640978593344	-0.12639742550313887	0.00018400640978593344	1.0005258106199713	-0.25609008791489385
103	1.000429054452573	-0.00016063922111552082	-0.12437223188588573	0.00016063922111552082	1.000429054452573	-0.173215425472386
104	1.000407802774701	-0.00015544749806827517	-0.1000918052919364	0.00015544749806827517	1.000407802774701	-0.20384152591399096
105	1.0006463488547868	-0.00021061555703972765	-0.15626735342227482	0.00021061555703972765	1.0006463488547868	-0.3105026966132982
106	1.0004941438396588	-0.00023045218183405174	-0.10019052825436295	0.00023045218183405174	1.0004941438396588	-0.22421767616335264
107	1.0004300988609351	-0.00020067484317487594	-0.11974767567061777	0.00020067484317487594	1.0004300988609351	-0.21716470940913524
108	1.0005334939807644	-0.00017761911351557943	-0.12202359017532208	0.00017761911351557943	1.0005334939807644	-0.27322124290468774
109	1.000516806056978	-0.00010466740161281616	-0.13464565048110758	0.00010466740161281616	1.000516806056978	-0.22332011958983686
110	1.0007896116676147	-0.0001664530988506386	-0.18905511027045108	0.0001664530988506386	1.0007896116676147	-0.38386077146787767
111	1.0003721611928367	-0.00010360879962054799	-0.08395182054515127	0.00010360879962054799	1.0003721611928367	-0.2525663151846862
112	1.0006395525870007	-0.0001315749252320238	-0.145091408543019	0.0001315749252320238	1.0006395525870007	-0.35465626166318925
113	1.0006285217185709	-0.0001238181767494219	-0.1470789441325117	0.0001238181767494219	1.0006285217185709	-0.309227384947197
114	1.0005490091851927	-8.598628548095378e-05	-0.1578204861288873	8.598628548095378e-05	1.0005490091851927	-0.32053122643296456
115	1.0005868004786003	-6.917232191932661e-05	-0.17662953561021877	6.917232191932661e-05	1.0005868004786003	-0.3299554339999569
116	1.0005558795265252	-7.650010612337752e-05	-0.1621409530543838	7.650010612337752e-05	1.0005558795265252	-0.28895992852742614
117	1.0005582484545386	-0.00018443159817313278	-0.12761096290635443	0.00018443159817313278	1.0005582484545386	-0.41385822599543093
118	1.0005601789876215	-0.00015283699715848767	-0.14695576234036845	0.00015283699715848767	1.0005601789876215	-0.42143074735506325
119	1.0005972140807773	-0.00015543592700317162	-0.14130030110137537	0.00015543592700317162	1.0005972140807773	-0.37536919380131234
120	1.0006100144298222	-0.00017797226595876717	-0.15173401648342807	0.00017797226595876717	1.0006100144298222	-0.3793805081495765
121	1.0005184143196255	-0.0002567116211154817	-0.08989425224714802	0.0002567116211154817	1.0005184143196255	-0.460825951919287
122	1.0005813187013801	-0.00021032635018522098	-0.15418542688857717	0.00021032635018522098	1.0005813187013801	-0.373928300072923
123	1.0006300265514974	-0.00017748723562208813	-0.16498745516541102	0.00017748723562208813	1.0006300265514974	-0.41521423678978914
124	1.0006025151206541	-0.00020133972589500728	-0.1655553960497101	0.00020133972589500728	1.0006025151206541	-0.45815655545241923
125	1.0006064288282575	-0.00019480202764706988	-0.1437308679707672	0.00019480202764706988	1.0006064288282575	-0.4415521047041807
126	1.0006911787717836	-0.00016193947711330334	-0.1848155910171904	0.00016193947711330334	1.0006911787717836	-0.4884936694416674
127	1.0006705228885073	-0.00014265928981958741	-0.15488565020107148	0.00014265928981958741	1.0006705228885073	-0.4658364989152299
128	1.0007141435238003	-0.00018110789298282602	-0.14953267778243803	0.00018110789298282602	1.0007141435238003	-0.5325614827476196
129	1.0007736513555634	-0.00019359437212616433	-0.17859760049538717	0.00019359437212616433	1.0007736513555634	-0.6312756481463819
130	1.0006082413233852	-0.00017373400095684066	-0.1206891739827628	0.00017373400095684066	1.0006082413233852	-0.4595227581525272
131	1.0006207756761982	-0.0001899929286539672	-0.0945934888672538	0.0001899929286539672	1.0006207756761982	-0.49822259802660646
132	1.000646081574349	-0.00018624215956150147	-0.12642378353001688	0.00018624215956150147	1.000646081574349	-0.5832481655920425
133	1.0005831388857334	-0.00019515196541103067	-0.0887465970474263	0.00019515196541103067	1.0005831388857334	-0.5456124594718146
134	1.000623807386777	-0.00017822600648629641	-0.0957899510942251	0.00017822600648629641	1.000623807386777	-0.4885702830072676
135	1.000627826875249	-0.0002528817694246067	-0.052265035689800066	0.0002528817694246067	1.000627826875249	-0.6385303120269924
136	1.0006542937270633	-0.000212483981892029	-0.09040561037312934	0.000212483981892029	1.0006542937270633	-0.518379121908167
137	1.0006084991112099	-0.00021762783303378767	-0.0824062723837138	0.00021762783303378767	1.0006084991112099	-0.511898504119857
138	1.0005178217890722	-0.0002365669103400688	-0.02674382907546476	0.0002365669103400688	1.0005178217890722	-0.5137736126152763
139	1.0004696845720595	-0.0001653665252205979	-0.04772053999172097	0.0001653665252205979	1.0004696845720595	-0.40620550003958467
140	1.0006876997000493	-0.00016640890982814639	-0.112038281642488	0.00016640890982814639	1.0006876997000493	-0.5422674239366403
141	1.0004856558114366	-0.00015555819818780338	-0.04262727521190579	0.00015555819818780338	1.0004856558114366	-0.42380010804698265
142	1.000520255214988	-7.000442425049563e-05	-0.11917642368865931	7.000442425049563e-05	1.000520255214988	-0.4063946600829134
143	1.0003550533794034	-5.0238292895132365e-05	-0.064852279818922	5.0238292895132365e-05	1.0003550533794034	-0.32888541346973876
144	1.000916181268109	-2.668459450431179e-05	-0.27012313835555224	2.668459450431179e-05	1.000916181268109	-0.5424814427897255
145	1.000446210949854	-8.295906389841595e-05	-0.07584956548471614	8.295906389841595e-05	1.000446210949854	-0.40304688786419474
146	1.0004239821046068	-0.00011982962919155507	-0.08240616160078318	0.00011982962919155507	1.0004239821046068	-0.30963316430461096
147	1.0006047136649132	-0.00011579086441393166	-0.16020801203592505	0.00011579086441393166	1.0006047136649132	-0.4364787409417439
148	1.0005552709680146	-0.00013027018242558818	-0.11598350971469035	0.00013027018242558818	1.0005552709680146	-0.3546281566234792
149	1.0001191921034795	-0.00016445788963275788	0.048920307324972434	0.00016445788963275788	1.0001191921034795	-0.17479094027759623
150	1.0004488714345308	-0.0001696250040169043	-0.0853629475449348	0.0001696250040169043	1.0004488714345308	-0.30349285148643246
151	1.0004473891602588	-0.00011710206915722729	-0.11351470374877255	0.00011710206915722729	1.0004473891602588	-0.3340082264739195
152	1.0002975473162181	-0.00013592365352168353	-0.060831224889486564	0.00013592365352168353	1.0002975473162181	-0.20930465289672348
153	1.0003787912617967	-0.00014978791833791387	-0.07078053838557889	0.00014978791833791387	1.0003787912617967	-0.24391933029712948
154	1.000025992223129	-0.00021118702970952967	0.08790778130609192	0.00021118702970952967	1.000025992223129	-0.1372496869825767
155	1.000338630391552	-0.0001634227130554704	-0.05310955806272575	0.0001634227130554704	1.000338630391552	-0.21113472165220912
156	1.0004096482751952	-0.0001328072194694389	-0.08352822602458924	0.0001328072194694389	1.0004096482751952	-0.20884328302506178
157	1.0001826092553214	-7.430518492885087e-05	-0.02382995905029149	7.430518492885087e-05	1.0001826092553214	-0.12768174734327903
158	0.9999199081086279	-2.220161432493577e-05	0.04281237980924612	2.220161432493577e-05	0.9999199081086279	0.03181032167182907
159	1.0001223100204037	-2.776294935326928e-05	-0.032640066306107926	2.776294935326928e-05	1.0001223100204037	-0.02493592861775129
160	1.0000911835373756	2.938281853641345e-05	-0.05185579779255428	-2.938281853641345e-05	1.0000911835373756	0.030336804976034693
161	1.0000112028926234	2.808696907588757e-05	-0.0362202059072157	-2.808696907588757e-05	1.0000112028926234	0.05560181978501505
162	0.9999121052141119	-6.5235084157682276e-06	0.022147341433321907	6.5235084157682276e-06	0.9999121052141119	0.061341847124196394
163	1.0000217716530533	2.2175983056030443e-05	-0.017697827016395856	-2.2175983056030443e-05	1.0000217716530533	0.049513741889080184
164	1.0000442083868943	8.335388509143642e-05	-0.07710558321512026	-8.335388509143642e-05	1.0000442083868943	0.047508192063378904
165	1.000056941699888	4.223486387968192e-05	-0.041704978949779245	-4.223486387968192e-05	1.000056941699888	0.031290318155245224
166	1.0000656061097084	-0.00010279288586779278	0.014291166649671769	0.00010279288586779278	1.0000656061097084	-0.003291174801640695
167	1.0000019945638536	-2.8562561124326564e-05	0.009606873843666437	2.8562561124326564e-05	1.0000019945638536	0.034362075132953654
168	0.9998593824991695	-1.7687537182400838e-06	0.07984450855204256	1.7687537182400838e-06	0.9998593824991695	0.13373672523849345
169	0.999993398699248	-3.182952091871174e-06	0.012888575315881279	3.182952091871174e-06	0.999993398699248	0.12147275666839377
170	1.0000672691788408	-7.08697746391541e-05	0.03141698613416953	7.08697746391541e-05	1.0000672691788408	-0.060975746283308034
171	0.9999362739761382	-0.00015127267641907146	0.0986046737700149	0.00015127267641907146	0.9999362739761382	-0.010064178420238159
172	0.9999555161662014	-9.21771518888529e-05	0.061416315003148834	9.21771518888529e-05	0.9999555161662014	0.013912751606915784
173	0.9999673907585338	-7.460677133543309e-05	0.02996572160800809	7.460677133543309e-05	0.9999673907585338	0.3471637364579523
174	0.9999775768934042	-0.00020910195316376444	0.1141964444475091	0.00020910195316376444	0.9999775768934042	-0.013291170020178017
175	0.9998043238314004	-0.00013897668559650846	0.1639875061820636	0.00013897668559650846	0.9998043238314004	0.3192850758795253
176	0.9999825555360069	-0.00013911297832467506	0.13927260096062563	0.00013911297832467506	0.9999825555360069	-0.2130710137130901
177	1.0000825650447747	-0.00013080807056256	0.0596385930019043	0.00013080807056256	1.0000825650447747	-0.4221253872162086
178	0.999942643760247	-0.00012718495401980415	0.11143497852821305	0.00012718495401980415	0.999942643760247	0.07712488536076298
179	0.9999099978865943	-6.872700645826708e-05	0.10354149150243598	6.872700645826708e-05	0.9999099978865943	-0.10699660599960534
180	0.9999993361029444	-0.00014932993395402826	0.08761393720760866	0.00014932993395402826	0.9999993361029444	-0.3240916566641062
181	0.999809015950191	-7.802809989923781e-05	0.15314032649073278	7.802809989923781e-05	0.999809015950191	0.029479506010890517
182	0.9998125304242214	-8.374970937886185e-05	0.12519884069841575	8.374970937886185e-05	0.9998125304242214	-0.03699154648228068
183	0.9998174460268969	-7.305229493912953e-05	0.13476505817869738	7.305229493912953e-05	0.9998174460268969	0.029523733910248456
184	0.9998192089334742	-4.986516912164983e-05	0.08586561146721985	4.986516912164983e-05	0.9998192089334742	0.06544849586525103
185	0.9998349978486549	-3.887348349226179e-05	0.07510106296175018	3.887348349226179e-05	0.9998349978486549	0.15739098900033924
186	0.9998170227664869	-9.974123777476774e-05	0.13695055830213526	9.974123777476774e-05	0.9998170227664869	0.15739041805527265
187	0.9999949241985281	-8.710406530559348e-05	0.04342798665239681	8.710406530559348e-05	0.9999949241985281	-0.03013736005423584
188	1.000133498151026	-9.789113698508188e-05	0.030714351548638774	9.789113698508188e-05	1.000133498151026	-0.08639294177369505
189	0.9999856142714099	-0.00012704041228000812	0.08120086720768438	0.00012704041228000812	0.9999856142714099	-0.04405656160869562
190	0.9999808971950149	-0.00010020198248342929	0.07515001413325438	0.00010020198248342929	0.9999808971950149	-0.018939514264920295
191	0.9999844550679619	-9.602725141956078e-05	0.10658260629122596	9.602725141956078e-05	0.9999844550679619	0.017529451966447417
192	0.9999959749972159	-9.664588045232554e-05	0.09818350427456438	9.664588045232554e-05	0.9999959749972159	0.10622942986405208
193	1.0001372481204986	-0.00012488308549978746	0.05522243282800455	0.00012488308549978746	1.0001372481204986	0.12220740502089454
194	0.9999410885494043	-4.496662094562447e-05	0.10894636955531914	4.496662094562447e-05	0.9999410885494043	0.06908782562146489
195	0.9999049026784281	4.367933738777226e-05	0.11337616098827397	-4.367933738777226e-05	0.9999049026784281	0.20614733626502463
196	1.0000021040796718	-0.00011582814311294546	0.11907783558223632	0.00011582814311294546	1.0000021040796718	0.03961252417888453
197	0.9999316170166677	-9.818233493019202e-05	0.14693342603162265	9.818233493019202e-05	0.9999316170166677	-0.0032211432839175935
198	0.9999165041906599	-8.298620686206278e-05	0.1689743029724958	8.298620686206278e-05	0.9999165041906599	-0.016465419498978923
199	0.9999107825946684	-0.00015322025940807258	0.1821237001399373	0.00015322025940807258	0.9999107825946684	-0.11775343626826679
200	0.9998395188730359	-9.370670024216551e-05	0.20672531371434888	9.370670024216551e-05	0.9998395188730359	-0.039573891006137785
201	0.99985141127148	-0.00011813626114451749	0.22970318784572985	0.00011813626114451749	0.99985141127148	-0.07680736645013053
202	0.999795327398367	-0.0001853951044437405	0.28169642863598804	0.0001853951044437405	0.999795327398367	-0.12059157019951881
203	0.9997444265650908	-0.00014802577006049376	0.2962168440357237	0.00014802577006049376	0.9997444265650908	-0.04934031865343169
204	0.99981368977084	-0.00021377289100016177	0.2717137023795123	0.00021377289100016177	0.99981368977084	-0.16113136452166016
205	0.9997105692310718	-0.00025700995826412413	0.34645755742639184	0.00025700995826412413	0.9997105692310718	-0.24259956364892862
206	0.9998070145709438	-0.00019090142838089968	0.2579848571595081	0.00019090142838089968	0.9998070145709438	-0.20635917329065884
207	0.9998300808600494	-0.0001615805001271573	0.2211677950286494	0.0001615805001271573	0.9998300808600494	-0.20786390704065524
208	0.9997729127915405	-0.00015705032306811615	0.24677573722538382	0.00015705032306811615	0.9997729127915405	-0.1509880497539089
209	0.9999200181165042	-0.00014114478494888324	0.2111024258276523	0.00014114478494888324	0.9999200181165042	-0.1883258757438927
210	0.9998260561997794	-0.00023234746183361138	0.2541369404215061	0.00023234746183361138	0.9998260561997794	-0.23722854673557486
211	0.9997951139892384	-0.00017196352920672263	0.27147568609091605	0.00017196352920672263	0.9997951139892384	-0.14713601494503808
212	0.9997590688963361	-0.00018351368393237076	0.26533176826599925	0.00018351368393237076	0.9997590688963361	-0.28697466512628433
213	0.9998314586357203	-0.00017347120796713586	0.21610258100549704	0.00017347120796713586	0.9998314586357203	-0.04707385675891658
214	0.9998237298340047	-0.00019154637157065251	0.23466431399443838	0.00019154637157065251	0.9998237298340047	-0.01878402392015542
215	0.9998094521148788	-0.00023974659245949029	0.2560823001447562	0.00023974659245949029	0.9998094521148788	-0.2922727285706747
216	0.9998958028465178	-0.00013879820045846665	0.14976010310121482	0.00013879820045846665	0.9998958028465178	-0.08673658277493046
217	0.9997661443563834	-0.00014301426976562402	0.253115615035721	0.00014301426976562402	0.9997661443563834	0.18802424949967483
218	0.9997387088155834	-0.00014149445744630123	0.20332497762299206	0.00014149445744630123	0.9997387088155834	0.049950839172068384
219	0.9998472497297085	-0.00011087801135096553	0.1121097775942818	0.00011087801135096553	0.9998472497297085	-0.012132231410500079
220	0.9997339684224319	-8.632546333571921e-05	0.13281220383606201	8.632546333571921e-05	0.9997339684224319	0.10989937618721243
221	0.9997265613745514	-0.0001094368406904036	0.1448452821048294	0.0001094368406904036	0.9997265613745514	0.0230992861980533
222	0.9997796579273989	-0.0001268447588675213	0.14544626576075398	0.0001268447588675213	0.9997796579273989	-0.007881870059807117
223	0.9998801942808835	-6.141422771962254e-05	0.027876472491170916	6.141422771962254e-05	0.9998801942808835	0.03119665096328058
224	0.9997368324757144	-8.098932231658287e-05	0.14378260354633343	8.098932231658287e-05	0.9997368324757144	0.40544364240498637
225	0.9997736365701257	-0.00015125019009237106	0.20436153880356642	0.00015125019009237106	0.9997736365701257	-0.074514745327399
226	0.9998736897267003	-0.0001487201133923558	0.07905911269176089	0.0001487201133923558	0.9998736897267003	-0.1967028638565022
227	0.9999544340506581	-0.00010357879307264445	0.04791206657221936	0.00010357879307264445	0.9999544340506581	-0.21472478408557527
228	0.9997759934908466	-8.458130041621965e-05	0.14715140750253417	8.458130041621965e-05	0.9997759934908466	-0.038866915919835016
229	0.9997779261364098	-9.074514603961085e-05	0.1288083997847088	9.074514603961085e-05	0.9997779261364098	0.0812551360095827
230	0.999728515978705	-0.00012830330954476286	0.19814282701496577	0.00012830330954476286	0.999728515978705	0.14866954561560056
231	0.9998805984700417	-0.00010707216463987004	0.13030371094869952	0.00010707216463987004	0.9998805984700417	-0.08736159231818585
232	0.999864189827278	-0.0001244447664247162	0.13715563723444765	0.0001244447664247162	0.999864189827278	-0.010251978429233479
233	0.9997182506949412	-0.00013198159777216514	0.19046072909071513	0.00013198159777216514	0.9997182506949412	0.2928434704235116
234	0.999737329282924	-0.00015036404061164545	0.1820423295847422	0.00015036404061164545	0.999737329282924	-0.04123750241861197
235	1.0001033154091572	-0.00011912981267633839	0.035516398797230696	0.00011912981267633839	1.0001033154091572	-0.13642530548935675
236	0.9998565287628283	-0.00015473736042242805	0.14009677499150675	0.00015473736042242805	0.9998565287628283	0.0769675025465304
237	0.9998281781302245	-9.81095298120142e-05	0.10941988882432699	9.81095298120142e-05	0.9998281781302245	0.04013651897086659
238	0.9999130648690036	-9.010518909213341e-05	0.07197105255593317	9.010518909213341e-05	0.9999130648690036	0.1977428124665337
239	0.9998000954523425	-0.00010652214884330447	0.11224622356688915	0.00010652214884330447	0.9998000954523425	0.3711614717463013
240	0.9999510539592933	-0.00013399102308511322	0.054467225110944484	0.00013399102308511322	0.9999510539592933	-0.16043845438084142
241	0.9999957548665669	-9.915309145885438e-05	0.004878410863346547	9.915309145885438e-05	0.9999957548665669	-0.03168247834583626
242	0.9999140066828138	-5.1644913118976667e-05	0.005238367380055625	5.1644913118976667e-05	0.9999140066828138	0.2149737306835883
243	0.9998959601168889	-9.437150828094517e-05	0.019176648661956328	9.437150828094517e-05	0.9998959601168889	0.13289320224797396
244	1.0000627895169985	8.493678126036974e-06	-0.060262165095495035	-8.493678126036974e-06	1.0000627895169985	0.32394885946153384
245	0.9998766032373873	-9.131026908282052e-05	0.023912201166847336	9.131026908282052e-05	0.9998766032373873	-0.0025664769450024494
246	0.9999299071382727	-8.354907076691915e-05	-0.0005898939630762008	8.354907076691915e-05	0.9999299071382727	0.017210481324180644
247	0.9999177593847879	-8.782612128493656e-05	0.026699355110415518	8.782612128493656e-05	0.9999177593847879	0.17379561357767973
248	0.9999938735234438	-6.594908878981703e-05	-0.02671044664826541	6.594908878981703e-05	0.9999938735234438	-0.10439322604798043
249	0.9999755252155943	-5.408655278401041e-05	-0.055148067184118216	5.408655278401041e-05	0.9999755252155943	-0.0541951946552584
250	0.9998573039692732	-4.6126897097918295e-05	-0.01961766904315239	4.6126897097918295e-05	0.9998573039692732	0.12583403743722357
251	0.9998642102141821	-8.908187923596936e-05	-0.008587024043054017	8.908187923596936e-05	0.9998642102141821	0.05638948538104896
252	0.9999179061367075	-3.457047599368003e-05	-0.08106072821963153	3.457047599368003e-05	0.9999179061367075	-0.029160669711548383
253	0.9999019477715758	-1.637929107426418e-05	-0.10219453446641508	1.637929107426418e-05	0.9999019477715758	0.0576852632047323
254	1.0000106880473318	-6.668137941786377e-05	-0.08230517465380008	6.668137941786377e-05	1.0000106880473318	-0.3289852302689237
255	1.0000060702313895	-1.635202630459135e-05	-0.11515314160942484	1.635202630459135e-05	1.0000060702313895	0.033094028024394595
256	1.000042769472391	-1.5944819858748692e-05	-0.1190613675430827	1.5944819858748692e-05	1.000042769472391	0.033424823121657475
257	1.0002941654018669	-0.00014789109508162642	-0.13693519989219283	0.00014789109508162642	1.0002941654018669	-0.3029928097628938
258	1.0000340653825104	-4.020060496726045e-05	-0.10152549018173601	4.020060496726045e-05	1.0000340653825104	0.09997084220712736
259	1.0001330220506885	-5.201429254164441e-05	-0.121547976151179	5.201429254164441e-05	1.0001330220506885	0.09849852681310849
260	1.0001105125338323	-6.41187154745477e-05	-0.12136465946529013	6.41187154745477e-05	1.0001105125338323	-0.020303585856742964
261	1.000125066327486	-1.1873639626419214e-05	-0.1382905317848815	1.1873639626419214e-05	1.000125066327486	-0.04480459771719396
262	1.0001288435572302	-8.139608768785217e-05	-0.11975664670669817	8.139608768785217e-05	1.0001288435572302	-0.03515999677742698
263	1.0001175994898037	-1.916349917879584e-05	-0.15000262602605502	1.916349917879584e-05	1.0001175994898037	0.05598078826803943
264	1.0001262242995614	-7.995539148924093e-05	-0.10246097814973902	7.995539148924093e-05	1.0001262242995614	0.04596342281140912
265	1.000185781368388	-6.632360970785232e-05	-0.14941343772095342	6.632360970785232e-05	1.000185781368388	0.000621794162276923
266	1.0001942995856163	-5.550317554758362e-05	-0.1527622503221009	5.550317554758362e-05	1.0001942995856163	-0.08925658336754415
267	1.000132149990031	-7.162716541801214e-05	-0.10308412814223156	7.162716541801214e-05	1.000132149990031	-0.06700744557558119
268	1.000169376927153	-8.712761365055175e-05	-0.11367417880556795	8.712761365055175e-05	1.000169376927153	-0.09453971212867288
269	1.0001668567919813	-6.475650358254617e-05	-0.13069773620910657	6.475650358254617e-05	1.0001668567919813	-0.1013414275581293
270	1.0001783918262774	-6.377496434762384e-05	-0.1504852307481216	6.377496434762384e-05	1.0001783918262774	-0.11259105300723865
271	1.0001213515006366	-1.3633240487952802e-05	-0.0802169534108349	1.3633240487952802e-05	1.0001213515006366	-0.1243261391168277
272	1.000194073827732	-1.0400273621954828e-05	-0.13276924813260826	1.0400273621954828e-05	1.000194073827732	-0.2126561755734738
273	1.0001915102982353	-5.428169805572822e-05	-0.10064457915921664	5.428169805572822e-05	1.0001915102982353	-0.23211460932674344
274	1.000158661116854	-4.0185607957302484e-05	-0.1175788727237924	4.0185607957302484e-05	1.000158661116854	-0.25773724166344725
275	1.0000985289570874	-1.1671341403190028e-05	-0.09195903648990891	1.1671341403190028e-05	1.0000985289570874	-0.2260309474547873
276	1.000153672274386	5.218280307535948e-06	-0.08390711042091452	-5.218280307535948e-06	1.000153672274386	-0.22144308168735855
277	1.0000576816227207	1.6958726201981307e-05	-0.02513733381916577	-1.6958726201981307e-05	1.0000576816227207	-0.20722674851292106
278	1.000077195643103	5.435709776412021e-05	-0.06314299042247098	-5.435709776412021e-05	1.000077195643103	-0.15601054697760153
279	1.0000586102100624	4.594592723391637e-05	-0.045672760167241894	-4.594592723391637e-05	1.0000586102100624	-0.15729145858024524
280	1.0000905002575606	5.9730136616731314e-05	-0.06747405546619942	-5.9730136616731314e-05	1.0000905002575606	-0.2271428318146413
281	1.0001164497707813	4.110853984725402e-05	-0.042941681185063	-4.110853984725402e-05	1.0001164497707813	-0.23719445808430623
282	1.0000495307996706	1.193462238132791e-05	-0.059839261418223225	-1.193462238132791e-05	1.0000495307996706	-0.19908296659870672
283	1.0000164460242102	-3.6338627620519104e-05	-0.007127040195797648	3.6338627620519104e-05	1.0000164460242102	-0.2130393442708442
284	1.0000036933306553	-4.655006221070831e-05	0.007158425333041105	4.655006221070831e-05	1.0000036933306553	-0.18558673190285935
285	1.0000491144156645	-6.496899726520368e-05	0.001977351835139751	6.496899726520368e-05	1.0000491144156645	-0.2246820155178363
286	1.0000019768553587	-2.518031807289753e-05	-0.023134997385691802	2.518031807289753e-05	1.0000019768553587	-0.08010459459569153
287	1.0000446966590166	-2.804485587754365e-05	-0.029742101941958882	2.804485587754365e-05	1.0000446966590166	-0.08942130382840373
288	1.0001411438805357	-6.522005453511102e-05	-0.06564890716125218	6.522005453511102e-05	1.0001411438805357	-0.11518798619030277
289	1.000103046086141	-3.292889618947614e-05	-0.05096020405999768	3.292889618947614e-05	1.000103046086141	-0.12711916022152225
290	1.0002138352904488	2.80470786492295e-06	-0.11628318377283153	-2.80470786492295e-06	1.0002138352904488	-0.07725626994439905
291	1.0001944417044608	3.0726476620010917e-06	-0.09783460880260801	-3.0726476620010917e-06	1.0001944417044608	-0.08887693337168849
292	1.0002046774205593	-7.00478834954063e-06	-0.08677297920261069	7.00478834954063e-06	1.0002046774205593	-0.0842905832980915
293	1.0002577813271916	-3.4701429339990364e-05	-0.11235102607357919	3.4701429339990364e-05	1.0002577813271916	-0.10828189879460101
294	1.00023998916601	-4.444402096895658e-05	-0.111310103272288	4.444402096895658e-05	1.00023998916601	-0.10863690377726722
295	1.0001806704905503	-1.475421398783099e-05	-0.1012413350697271	1.475421398783099e-05	1.0001806704905503	-0.030347838404144862
296	1.0001951251468086	-6.0180893670859384e-05	-0.11495497001871924	6.0180893670859384e-05	1.0001951251468086	-0.036786955676406635
297	1.0001484584341727	-8.124527868324284e-05	-0.07280748150189448	8.124527868324284e-05	1.0001484584341727	-0.11405257992622041
298	1.000167768534625	-6.630601897166205e-05	-0.07885370444770574	6.630601897166205e-05	1.000167768534625	-0.08667091473995825
299	1.0000693024544371	-6.684286092285949e-05	-0.05735232354499655	6.684286092285949e-05	1.0000693024544371	-0.011731033347209712
300	1.0001002296865795	2.4840259166096555e-05	-0.15100342038778436	-2.4840259166096555e-05	1.0001002296865795	0.054610796367554615
301	1.0001705080205052	5.8301064434109085e-06	-0.13266759226129302	-5.8301064434109085e-06	1.0001705080205052	0.03470927049238325
302	1.000195818879418	-3.620892519665611e-05	-0.10890689406240155	3.620892519665611e-05	1.000195818879418	-0.07553120455210449
303	1.000166676004635	-7.004216076207832e-06	-0.1356760931609119	7.004216076207832e-06	1.000166676004635	0.012692198643245223
304	1.0001549608738458	-2.2966799907442794e-05	-0.122260351802024	2.2966799907442794e-05	1.0001549608738458	0.0013838523533293145
305	1.0001559805452231	-3.92400040157548e-06	-0.13079878449624932	3.92400040157548e-06	1.0001559805452231	0.0191182755406138
306	1.0001082220815556	2.7134747435113207e-05	-0.07928009866218544	-2.7134747435113207e-05	1.0001082220815556	0.06325436583054128
307	1.0002308837331744	-1.1896962098744811e-05	-0.1109234513943394	1.1896962098744811e-05	1.0002308837331744	0.024520126113965812
308	1.0002102733775902	5.979115900710941e-06	-0.09613094187436813	-5.979115900710941e-06	1.0002102733775902	-0.046793054717063624
309	1.000164828103046	1.9644221711984323e-05	-0.09723463265693864	-1.9644221711984323e-05	1.000164828103046	0.06748047739533691
310	1.0001551651424994	7.135380218988754e-06	-0.09616830317188935	-7.135380218988754e-06	1.0001551651424994	0.01476680341446942
311	1.000212087227528	8.99483344224682e-06	-0.11750786746229804	-8.99483344224682e-06	1.000212087227528	-0.029506820593918792
312	1.0001466991868084	4.586241231712557e-06	-0.09458682081250647	-4.586241231712557e-06	1.0001466991868084	0.016570801832243465
313	1.000338109971738	1.5185688239673383e-05	-0.15931134151182294	-1.5185688239673383e-05	1.000338109971738	0.05283215276684247
314	1.000122633074319	1.9424391453078888e-05	-0.027982147167787196	-1.9424391453078888e-05	1.000122633074319	-0.008850874553375663
315	1.0000438657126411	2.0109802357136494e-05	-0.04328648486580167	-2.0109802357136494e-05	1.0000438657126411	0.07567231760336957
316	1.0000644807876151	1.970508436587384e-05	0.00010455554004445977	-1.970508436587384e-05	1.0000644807876151	0.031233543970263664
317	1.0000644057434074	-5.963199697130926e-06	-0.01931792569286661	5.963199697130926e-06	1.0000644057434074	0.03771462747154089
318	1.0001149984293607	-2.681674859231316e-05	-0.03527465648357059	2.681674859231316e-05	1.0001149984293607	-0.012131653293582845
319	1.0001298480409644	-4.5956386929834044e-05	0.01504394132772895	4.5956386929834044e-05	1.0001298480409644	-0.06982752581895439
320	1.0001830261133717	-4.5032080851646963e-05	-0.0182512610549046	4.5032080851646963e-05	1.0001830261133717	-0.08942670908895178
321	1.0002094994241872	-3.4617300814171665e-05	-0.04509698791373351	3.4617300814171665e-05	1.0002094994241872	-0.08180465835317197
322	1.0001830858359384	-9.37990591810647e-06	-0.04759659921284397	9.37990591810647e-06	1.0001830858359384	-0.031249452016281338
323	1.0002907697622208	-4.134292068959985e-06	-0.11910213117141066	4.134292068959985e-06	1.0002907697622208	-0.055273036194973424
324	1.0002724644661218	-6.149436345831514e-05	-0.08020916660039656	6.149436345831514e-05	1.0002724644661218	-0.12775824959575566
325	1.000356870818562	-8.108867416620235e-05	-0.13046258532537514	8.108867416620235e-05	1.000356870818562	-0.083345731561271
326	1.0003108934465794	-5.1916108594940016e-05	-0.13046435872074186	5.1916108594940016e-05	1.0003108934465794	-0.13818188538291717
327	1.00030517688551	-5.561397308553882e-05	-0.12654637468396612	5.561397308553882e-05	1.00030517688551	-0.14554894627502066
328	1.0003574961942268	-4.7658219607371035e-05	-0.1727101964487235	4.7658219607371035e-05	1.0003574961942268	-0.16524506548503387
329	1.0003031253797974	-3.3780971468634295e-05	-0.17422322358811818	3.3780971468634295e-05	1.0003031253797974	-0.13292848667014126
330	1.0003692278646286	-3.98068694006979e-05	-0.20463163433248113	3.98068694006979e-05	1.0003692278646286	-0.1722415620625875
331	1.000277341692061	-2.4971939768183274e-05	-0.1736818543445783	2.4971939768183274e-05	1.000277341692061	-0.09889745334063964
332	1.0002891871627133	-2.7208600071024677e-05	-0.20277400310834914	2.7208600071024677e-05	1.0002891871627133	-0.12336882639952954
333	1.0003609263992697	-4.219125089678817e-05	-0.2280209030301732	4.219125089678817e-05	1.0003609263992697	-0.14925126662741972
334	1.0004207318359322	-2.1035156319876908e-05	-0.24286337449283177	2.1035156319876908e-05	1.0004207318359322	-0.16502275614118067
335	1.0004506821920054	-1.3237556440448548e-08	-0.24516301372814972	1.3237556440448548e-08	1.0004506821920054	-0.17119677716617593
336	1.0005425910331713	-2.1719642222645215e-05	-0.28176185075881877	2.1719642222645215e-05	1.0005425910331713	-0.20027808529068108
337	1.0003863391172796	-4.569289458039711e-06	-0.264247710460151	4.569289458039711e-06	1.0003863391172796	-0.17227519865478122
338	1.0003659510432905	-4.040046061252193e-06	-0.20631374227789095	4.040046061252193e-06	1.0003659510432905	-0.17162677492820816
339	1.0003705454612148	2.84278839274444e-05	-0.26160021944117084	-2.84278839274444e-05	1.0003705454612148	-0.18684074526476857
340	1.0003355394794262	-1.6919296901542887e-05	-0.225904519267556	1.6919296901542887e-05	1.0003355394794262	-0.19584663047818582
341	1.0003584566104176	1.9611624985921444e-05	-0.2550686163263586	-1.9611624985921444e-05	1.0003584566104176	-0.17678435418825522
342	1.0003590132838585	-1.0775876018147504e-05	-0.25708384859696337	1.0775876018147504e-05	1.0003590132838585	-0.20275502483578214
343	1.0003957892621924	-5.6720429234321385e-05	-0.22370847291067636	5.6720429234321385e-05	1.0003957892621924	-0.3017519813006033
344	1.0004102471170888	5.003641306850241e-06	-0.24858551201137036	-5.003641306850241e-06	1.0004102471170888	-0.23374889189045167
345	1.000415972053177	-3.576787619469083e-05	-0.2326467913962121	3.576787619469083e-05	1.000415972053177	-0.31069767114430025
346	1.0004738335571373	-4.8517393212621836e-05	-0.24313543769701648	4.8517393212621836e-05	1.0004738335571373	-0.3588609547770822
347	1.000425853559256	-3.301533250567049e-05	-0.26579721762689845	3.301533250567049e-05	1.000425853559256	-0.3031061180178796
348	1.0003287141586532	-3.945785129853976e-05	-0.20007003840853566	3.945785129853976e-05	1.0003287141586532	-0.28014686483113194
349	1.000300100542955	-8.842708032274727e-05	-0.1631060933115981	8.842708032274727e-05	1.000300100542955	-0.3666661145920445
350	1.0002773436999643	-7.121086710644051e-05	-0.16331512425026412	7.121086710644051e-05	1.0002773436999643	-0.23157230205544582
351	1.00032311457928	-7.913183560495564e-05	-0.17672871202964277	7.913183560495564e-05	1.00032311457928	-0.2365453059784239
352	1.0003748943680815	-0.0001279244653272105	-0.16551556072839754	0.0001279244653272105	1.0003748943680815	-0.3638057008759294
353	1.0003482393657397	-8.992228923759592e-05	-0.17025017473148812	8.992228923759592e-05	1.0003482393657397	-0.2694608609326522
354	1.0003310984525646	-6.422808105607095e-05	-0.17156565073642516	6.422808105607095e-05	1.0003310984525646	-0.2693428648452349
355	1.0001570807541604	4.399167860554156e-06	-0.1356812836046918	-4.399167860554156e-06	1.0001570807541604	-0.1591880661294054
356	1.0004205381003357	4.3346426596493686e-05	-0.2329601326325581	-4.3346426596493686e-05	1.0004205381003357	-0.20348365076225278
357	1.000428393139995	1.0999256417687065e-05	-0.20709997665782842	-1.0999256417687065e-05	1.000428393139995	-0.28443960518886574
358	1.0004648154917677	3.313040461475476e-05	-0.2235494217791931	-3.313040461475476e-05	1.0004648154917677	-0.24246100134539303
359	1.000475432423116	3.2300701823585385e-05	-0.28096913950408453	-3.2300701823585385e-05	1.000475432423116	-0.2549205355715902
360	1.0005156621908984	1.529360619213197e-05	-0.27698588292495424	-1.529360619213197e-05	1.0005156621908984	-0.2953547875334494
361	1.0003682160669587	4.7644856506028e-05	-0.20246649121923171	-4.7644856506028e-05	1.0003682160669587	-0.18230963909411724
362	1.0003905629193268	8.510196830716131e-05	-0.2937589017932238	-8.510196830716131e-05	1.0003905629193268	-0.1054990493749931
363	1.000546980079122	5.6206508638832804e-05	-0.33394365423939654	-5.6206508638832804e-05	1.000546980079122	-0.1939093069105597
364	1.0006192776635545	-3.0356520348132294e-05	-0.3133313842730968	3.0356520348132294e-05	1.0006192776635545	-0.2684001762721211
365	1.000567640248355	-1.947858638895215e-05	-0.29230114210732494	1.947858638895215e-05	1.000567640248355	-0.21791021742828176
366	1.0006811312000177	5.055449176215204e-05	-0.3564210531801108	-5.055449176215204e-05	1.0006811312000177	-0.2318987204493703
367	1.000611994027044	3.7698506523857645e-05	-0.33828350283066916	-3.7698506523857645e-05	1.000611994027044	-0.1909529440007814
368	1.000414900819631	7.857956118589884e-05	-0.3084400752016423	-7.857956118589884e-05	1.000414900819631	-0.08847164527860585
369	1.0004067192218014	7.670814116134377e-05	-0.297149370975364	-7.670814116134377e-05	1.0004067192218014	-0.09215224013321599
370	1.0003385621235268	9.085002707240084e-05	-0.28582098954378304	-9.085002707240084e-05	1.0003385621235268	-0.04137626323074491
371	1.0004214530143254	8.686711955163207e-05	-0.3191934621341983	-8.686711955163207e-05	1.0004214530143254	-0.07791973961576848
372	1.000369510951111	0.00011025116763959623	-0.29968999598018636	-0.00011025116763959623	1.000369510951111	-0.056514954611491613
373	1.0003017471513544	7.837244320446122e-05	-0.2833377102373826	-7.837244320446122e-05	1.0003017471513544	0.011207121391526647
374	1.0002838001018308	7.011559576652687e-05	-0.24082365090930136	-7.011559576652687e-05	1.0002838001018308	-0.03433327389723554
375	1.0002928528935577	1.765902775079087e-05	-0.20717087397435124	-1.765902775079087e-05	1.0002928528935577	-0.06339925226018951
376	1.0004602923773134	4.5059462616273485e-05	-0.299131310945855	-4.5059462616273485e-05	1.0004602923773134	-0.0395090246776455
377	1.0003902166421907	-4.6231204119726315e-05	-0.2350612578712145	4.6231204119726315e-05	1.0003902166421907	-0.07415192591745451
378	1.000254805010163	2.3264083646329625e-05	-0.21807758786029421	-2.3264083646329625e-05	1.000254805010163	-0.026923092378049095
379	1.0002216472505332	3.3606324898351566e-05	-0.21121329185150958	-3.3606324898351566e-05	1.0002216472505332	0.03883849151755707
380	1.0002867318023558	-0.00010533278271563588	-0.1938499353891363	0.00010533278271563588	1.0002867318023558	-0.03199224235452547
381	1.0002282352126628	6.067300456676821e-05	-0.23562849102994426	-6.067300456676821e-05	1.0002282352126628	0.04336630003485231
382	0.9999600680196371	6.028340861169651e-05	-0.12864444987082968	-6.028340861169651e-05	0.9999600680196371	0.1265658428699754
383	1.0002130975501744	-3.868662794633957e-05	-0.1947329201478436	3.868662794633957e-05	1.0002130975501744	-0.03349342301675193
384	1.0003502797146242	1.9431443595196475e-05	-0.28096844104719654	-1.9431443595196475e-05	1.0003502797146242	-0.10289602721612456
385	1.0002541206390962	1.789309714421128e-05	-0.2594557845197336	-1.789309714421128e-05	1.0002541206390962	0.013385282084751817
386	1.0002861832720038	4.10627223213213e-05	-0.2766604201298587	-4.10627223213213e-05	1.0002861832720038	0.22086612703906888
387	0.9999970436352026	-4.038612784027366e-05	-0.10631991331386866	4.038612784027366e-05	0.9999970436352026	0.2566094360394829
388	1.0003093598005037	5.022457026078295e-05	-0.30628635274352806	-5.022457026078295e-05	1.0003093598005037	-0.20914430135165887
389	1.000381153190687	6.513222907140847e-05	-0.33924242619697137	-6.513222907140847e-05	1.000381153190687	-0.3037095925130698
390	1.0000591320731433	9.535981118104122e-05	-0.21904884206263076	-9.535981118104122e-05	1.0000591320731433	0.21127772601642636
391	1.0001905907204276	6.954116285739706e-06	-0.2022827136672598	-6.954116285739706e-06	1.0001905907204276	-0.030935220047500156
392	1.00041410909334	2.4229180653734188e-05	-0.3488185041296417	-2.4229180653734188e-05	1.00041410909334	-0.19722150419622575
393	1.0002794766787169	6.793391576233245e-05	-0.32649020093479997	-6.793391576233245e-05	1.0002794766787169	0.020077986403287444
394	1.000234033385449	7.691709039372547e-05	-0.27713266011079846	-7.691709039372547e-05	1.000234033385449	0.27868676055394526
395	1.0003556777755638	0.00010161021899739223	-0.3776244092116251	-0.00010161021899739223	1.0003556777755638	-0.10174142981167776
396	1.0003095444940648	4.9565282843437654e-05	-0.3866738923563063	-4.9565282843437654e-05	1.0003095444940648	-0.059715180430452174
397	1.0001324904812599	-1.1040252415630975e-05	-0.22465078511622674	1.1040252415630975e-05	1.0001324904812599	0.4826015711741038
398	1.0001673288944184	-3.7049310145522756e-06	-0.28705928089919025	3.7049310145522756e-06	1.0001673288944184	-0.16785266172313182
399	1.0001903243576609	5.632460110919363e-05	-0.34323136068749105	-5.632460110919363e-05	1.0001903243576609	-0.1767483813887788
400	1.000049552480939	0.00012791770195064124	-0.32528831319517676	-0.00012791770195064124	1.000049552480939	-0.008202180436018338
401	1.0001138719876879	0.0001197321488616821	-0.33186980107174435	-0.0001197321488616821	1.0001138719876879	0.0006069430473530923
402	1.0001520843307787	0.0001285652971219187	-0.36091133766226385	-0.0001285652971219187	1.0001520843307787	-0.02978731561737462
403	1.0002019370405433	0.0001518179139174542	-0.3917040623952916	-0.0001518179139174542	1.0002019370405433	-0.05007548388733716
404	1.0000622469695226	0.00016391775602974713	-0.32377830888500403	-0.00016391775602974713	1.0000622469695226	0.03949969862822145
405	1.0000377749682314	0.00017014109008774841	-0.30430625265815303	-0.00017014109008774841	1.0000377749682314	0.07755810316057693
406	1.0000895129082767	0.00019173868846832087	-0.3653945206930484	-0.00019173868846832087	1.0000895129082767	-0.14592348841826408
407	1.0001773615802803	0.00029706157825260427	-0.42256585439431227	-0.00029706157825260427	1.0001773615802803	-0.04868483071958696
408	1.0001474341653056	0.0002373952571904838	-0.36020263986936985	-0.0002373952571904838	1.0001474341653056	0.04865284366493805
409	1.0001045170254	0.00023126495105523537	-0.3458578914506567	-0.00023126495105523537	1.0001045170254	-0.009956136948576916
410	1.0001409766409803	0.0002828184413682332	-0.3697241448878231	-0.0002828184413682332	1.0001409766409803	0.06985022164549776
411	1.0001455030266413	0.00019889247483566712	-0.3159302228369526	-0.00019889247483566712	1.0001455030266413	0.027427782265543394
412	1.0000544815524584	0.0001427816365168911	-0.26481070084106606	-0.0001427816365168911	1.0000544815524584	-0.034713297216750316
413	1.0001375599673077	0.0001973519053757051	-0.30763749136388974	-0.0001973519053757051	1.0001375599673077	0.014508255009422988
414	1.0000865265299719	0.0001425919368860288	-0.26650266580844634	-0.0001425919368860288	1.0000865265299719	0.03575842124643628
415	1.0001637045746221	0.0001890233050887895	-0.2830605484733917	-0.0001890233050887895	1.0001637045746221	-0.02455692084978267
416	1.0001902882446132	0.00021207361723477773	-0.3215071139885177	-0.00021207361723477773	1.0001902882446132	-0.09545163418397185
417	1.0002022651693077	0.00018878968549956808	-0.33038927737055873	-0.00018878968549956808	1.0002022651693077	-0.10591033097012387
418	1.0001991612080372	0.00021299347553063334	-0.31290370208983986	-0.00021299347553063334	1.0001991612080372	-0.16328148611860246
419	1.0000843853982055	0.00013745342995688916	-0.20917563129563513	-0.00013745342995688916	1.0000843853982055	-0.17409760167695248
420	1.000037332689733	0.00011143231189619442	-0.20436251186910862	-0.00011143231189619442	1.000037332689733	-0.11224615241066438
421	1.0000877150956002	0.00022859125532861068	-0.23095815038292056	-0.00022859125532861068	1.0000877150956002	-0.1454338987910272
422	1.0001178564341124	0.00018833100784768937	-0.2503034505699968	-0.00018833100784768937	1.0001178564341124	-0.0967450515181068
423	1.0000634419439949	0.0001394980515161455	-0.17174582587295878	-0.0001394980515161455	1.0000634419439949	-0.1412601228160651
424	1.0000879427029181	0.00023669103961541913	-0.22861806794332293	-0.00023669103961541913	1.0000879427029181	-0.049507195490674234
425	1.00000340984564	0.00018426796874134867	-0.16988740626193832	-0.00018426796874134867	1.00000340984564	-0.05238973969156446
426	1.0000682270801307	0.00025101766707634596	-0.23952838077357153	-0.00025101766707634596	1.0000682270801307	0.003482510481960799
427	1.00005470339549	0.0002640653822275553	-0.21605980082831241	-0.0002640653822275553	1.00005470339549	0.048947511577725825
428	1.0000232213848144	0.000326705992883108	-0.2490001908569409	-0.000326705992883108	1.0000232213848144	0.11338551991983578
429	1.000020511686177	0.00032992247908878163	-0.28130590856229376	-0.00032992247908878163	1.000020511686177	0.1680374787357623
430	1.0000606683587823	0.00033215444101995616	-0.2677467058417517	-0.00033215444101995616	1.0000606683587823	0.20808802096766887
431	1.0001032445398665	0.00035226918863755815	-0.31523573200163485	-0.00035226918863755815	1.0001032445398665	0.2377039643328583
432	1.0000551115931946	0.0003126665585860158	-0.26959691741249026	-0.0003126665585860158	1.0000551115931946	0.27670759186041805
433	1.0001909044802837	0.0002960529981274478	-0.34084427463155353	-0.0002960529981274478	1.0001909044802837	0.29505292971918007
434	1.000096149357958	0.00029507092952360883	-0.32044437026371486	-0.00029507092952360883	1.000096149357958	0.26738665646635346
435	1.000151349375305	0.0002845636666509539	-0.34924941142801336	-0.0002845636666509539	1.000151349375305	0.39047071040615555
436	1.0000431190596888	0.0003033734333983938	-0.30171625106458255	-0.0003033734333983938	1.0000431190596888	0.2853628009698209
437	1.0000941980091314	0.0003733175015835558	-0.3646179832925608	-0.0003733175015835558	1.0000941980091314	0.30250753821358733
438	1.0001463692979282	0.0003820922811732137	-0.3908847052564842	-0.0003820922811732137	1.0001463692979282	0.22296541515558785
439	1.0000515998074129	0.0003943181977439619	-0.3346353515406184	-0.0003943181977439619	1.0000515998074129	0.24133991258616713
440	1.000110726831466	0.00037032725255731723	-0.3751057929510293	-0.00037032725255731723	1.000110726831466	0.2128178882594849
441	1.0000994088309372	0.00027684465144238706	-0.3122523104676058	-0.00027684465144238706	1.0000994088309372	0.1756570197709515
442	1.0000784465836317	0.000205465437570093	-0.2648844285991427	-0.000205465437570093	1.0000784465836317	0.12172824383406183
443	1.000119684665713	0.00020857692182675895	-0.2955513808911915	-0.00020857692182675895	1.000119684665713	0.12321555751170093
444	1.0002037592058435	0.00023104166331782122	-0.3422608731319081	-0.00023104166331782122	1.0002037592058435	0.08853357712970555
445	1.00018817224633	0.00023706424382615777	-0.343949945326405	-0.00023706424382615777	1.00018817224633	0.13997213243185153
446	1.0001949369567489	0.00028547623448980355	-0.35037970425632436	-0.00028547623448980355	1.0001949369567489	0.11498667005127741
447	1.0002760006505418	0.00031707053178949707	-0.4534909735455152	-0.00031707053178949707	1.0002760006505418	0.16902302758936208
448	1.000183604818977	0.0003195725241277712	-0.40367497877308406	-0.0003195725241277712	1.000183604818977	0.24783042784172818
449	1.0003351639105043	0.0003440824347199946	-0.4908483925885625	-0.0003440824347199946	1.0003351639105043	0.20449173041626542
450	1.0004424981783522	0.0003165339893472594	-0.41898294544403425	-0.0003165339893472594	1.0004424981783522	-0.18041996835826477
451	1.0003100667096825	0.00036040975722914236	-0.5044682583519633	-0.00036040975722914236	1.0003100667096825	0.23767346069132056
452	1.0003182499674113	0.00039279049894676624	-0.48880108738380956	-0.00039279049894676624	1.0003182499674113	0.42344075409154114
453	1.0004589236259556	0.0002838999234128722	-0.4807552206365033	-0.0002838999234128722	1.0004589236259556	0.20350525329229077
454	1.0003261425700662	0.0003042084007194533	-0.43342163857145877	-0.0003042084007194533	1.0003261425700662	0.24927636392986846
455	1.0003831680245547	0.00033526953588728536	-0.4850597562778906	-0.00033526953588728536	1.0003831680245547	0.1471081053229041
456	1.0003740090508162	0.0003086435844492915	-0.448726431163299	-0.0003086435844492915	1.0003740090508162	0.2871272561336278
457	1.0004277216863793	0.00039404995848604373	-0.5064781049601642	-0.00039404995848604373	1.0004277216863793	0.3694588449780424
458	1.000319331872546	0.00040178977317988063	-0.4647394924045295	-0.00040178977317988063	1.000319331872546	0.4082325106732906
459	1.0003714247232793	0.0004089188455130373	-0.48536291073038895	-0.0004089188455130373	1.0003714247232793	0.4167689902780394
460	1.0003262109775235	0.00043219824660734876	-0.4491255596523937	-0.00043219824660734876	1.0003262109775235	0.4485684829791685
461	1.0004607216974868	0.0004674688466784874	-0.5826405352194319	-0.0004674688466784874	1.0004607216974868	0.26702340580153583
462	1.000360702535382	0.0004352332168151176	-0.494433035607708	-0.0004352332168151176	1.000360702535382	0.11852591549896126
463	1.0003385756658145	0.0003898437814773052	-0.46027491976694335	-0.0003898437814773052	1.0003385756658145	0.05554104872287499
464	1.0002955365571569	0.0003964466049173578	-0.4301699440515501	-0.0003964466049173578	1.0002955365571569	0.11318776931113149
465	1.0001986762703794	0.0003653689311138704	-0.37307446300680724	-0.0003653689311138704	1.0001986762703794	0.17488015076379113
466	1.0002752951261844	0.00028527459481344965	-0.3769270920830792	-0.00028527459481344965	1.0002752951261844	0.13378115152125902
467	1.0001953175617424	0.00030558241048636245	-0.35595384064361585	-0.00030558241048636245	1.0001953175617424	0.17537268761013547
468	1.000083943789723	0.0002531067854657549	-0.23920100641368353	-0.0002531067854657549	1.000083943789723	0.2045276011812506
469	1.0001098255384393	0.00021137875145168887	-0.21283875391798024	-0.00021137875145168887	1.0001098255384393	0.2692900607645283
470	1.0000867099268802	0.00023420202907233021	-0.20401855277637493	-0.00023420202907233021	1.0000867099268802	0.24382504815255993
471	1.0001419014107242	0.0002500456068754172	-0.24328703000629165	-0.0002500456068754172	1.0001419014107242	0.2708372995209049
472	1.000169739714415	0.00023133983519120884	-0.23989087710653148	-0.00023133983519120884	1.000169739714415	0.18627232249319536
473	1.0001902752072915	0.00023338036530815476	-0.24068328499364267	-0.00023338036530815476	1.0001902752072915	0.14620812369529007
474	1.0001999577651182	0.0002586433405551734	-0.2774565048728948	-0.0002586433405551734	1.0001999577651182	0.13294832859403005
475	1.0001440184489714	0.00022943997801229613	-0.22790861525586825	-0.00022943997801229613	1.0001440184489714	0.07849765775140854
476	1.0001758215909187	0.00022264671994464387	-0.20827055167241404	-0.00022264671994464387	1.0001758215909187	0.0698704285252101
477	1.0001891769845404	0.00023871804660903517	-0.21376399673061597	-0.00023871804660903517	1.0001891769845404	0.1253826886428523
478	1.00019499592038	0.0002501882295672986	-0.22228013967761076	-0.0002501882295672986	1.00019499592038	0.12332497615431631
479	1.0001494176150505	0.00024678760947997966	-0.1751435807603701	-0.00024678760947997966	1.0001494176150505	0.08671386689268672
480	1.000169198667286	0.00028978250179062694	-0.20006627721569237	-0.00028978250179062694	1.000169198667286	0.10957578966605774
481	1.0002573556861836	0.00029155306821651767	-0.1918203800774388	-0.00029155306821651767	1.0002573556861836	-0.021629635994773827
482	1.000237351261331	0.00025251029627639687	-0.20760580723007338	-0.00025251029627639687	1.000237351261331	0.00606973086997639
483	1.0002610805777243	0.00026647840395867874	-0.24963129984790122	-0.00026647840395867874	1.0002610805777243	-0.06145351513290476
484	1.000170359032359	0.00023862189591707193	-0.14070523843627436	-0.00023862189591707193	1.000170359032359	0.01520111917669631
485	1.0001618205590392	0.00020654590840118404	-0.1274017469761383	-0.00020654590840118404	1.0001618205590392	0.08917031678202661
486	1.0001017841156057	0.00021102565774316516	-0.11547844138561762	-0.00021102565774316516	1.0001017841156057	0.10834356244368958
487	1.000129429379639	0.0002884505275206304	-0.20277023001916536	-0.0002884505275206304	1.000129429379639	0.1737436421274533
488	1.0000794895820355	0.0003011013053755286	-0.19156528424366226	-0.0003011013053755286	1.0000794895820355	0.27820798030948396
489	1.0000004582245803	0.0002792685499295081	-0.11370749826563173	-0.0002792685499295081	1.0000004582245803	0.3503929826410247
490	1.0001017190261918	0.000256209807073629	-0.16591621708326434	-0.000256209807073629	1.0001017190261918	0.36000827282780246
491	1.0001306472484512	0.00023938148563785327	-0.1411757055827244	-0.00023938148563785327	1.0001306472484512	0.35101300355143533
492	1.0001349503811567	0.0002336553399544997	-0.1500521809164549	-0.0002336553399544997	1.0001349503811567	0.359353007244395
493	1.00031150344809	0.00022224300970611596	-0.2355513304491984	-0.00022224300970611596	1.00031150344809	0.34844558776361834
494	1.0002690994445618	0.00025683209028750623	-0.30578695467108596	-0.00025683209028750623	1.0002690994445618	0.1711816473863204
495	1.0001202365956292	0.00026125378796006604	-0.20310355893975948	-0.00026125378796006604	1.0001202365956292	0.31341727544145054
496	1.0002703756005442	0.0002761593170038054	-0.34413874575875447	-0.0002761593170038054	1.0002703756005442	0.23856948170351655
497	1.0003059166209378	0.0002550944839072352	-0.36236716820312415	-0.0002550944839072352	1.0003059166209378	0.19778788697165273
498	1.0002406708170803	0.0001921955069206111	-0.2896149488556664	-0.0001921955069206111	1.0002406708170803	0.2105743646419138
499	1.0002471547035188	0.000202049223133198	-0.26741116040152363	-0.000202049223133198	1.0002471547035188	0.14614668920112148
500	1.000230018318877	0.0001521198083841011	-0.23484419317997252	-0.0001521198083841011	1.000230018318877	0.1191710466881297
501	1.000289795993499	0.00011249563756094436	-0.3073040216901703	-0.00011249563756094436	1.000289795993499	0.01956547627332819
502	1.0003418035703697	0.00012571383748493636	-0.33653824261817816	-0.00012571383748493636	1.0003418035703697	-0.0268364297937196
503	1.000297002313039	0.00012345761709712405	-0.29325199443009464	-0.00012345761709712405	1.000297002313039	0.02878396052441423
504	1.0003047525554318	0.00010988948056682001	-0.28799111882805395	-0.00010988948056682001	1.0003047525554318	0.008421439877893011
505	1.0001095769495711	7.086058766754589e-05	-0.10477511922544415	-7.086058766754589e-05	1.0001095769495711	0.053382431302803054
506	1.0001742207453812	0.00017604198495042725	-0.22343547187924817	-0.00017604198495042725	1.0001742207453812	0.10901398720958166
507	1.0002151182234256	0.00016326669218542342	-0.2561848526545063	-0.00016326669218542342	1.0002151182234256	0.05744721934013697
508	1.0002013072178249	0.00013579810813761905	-0.24141661313711674	-0.00013579810813761905	1.0002013072178249	0.002465563084990087
509	1.0003236197535905	0.00012806459667514256	-0.32857199102830914	-0.00012806459667514256	1.0003236197535905	-0.010748924631426793
510	1.0003929443830653	0.0001663137544232248	-0.3506257997668802	-0.0001663137544232248	1.0003929443830653	0.06622442006675772
511	1.0002361112011207	0.00016846359919396765	-0.26816832479550456	-0.00016846359919396765	1.0002361112011207	0.04968756459081902
512	1.0002742885326437	0.0001902055437781245	-0.28829022098971985	-0.0001902055437781245	1.0002742885326437	0.09640287070024833
513	1.0003612020145178	0.00016191466411011627	-0.33222570020907005	-0.00016191466411011627	1.0003612020145178	0.05278120195180175
514	1.0002748741934029	0.00018049144100168292	-0.28917222982890456	-0.00018049144100168292	1.0002748741934029	0.030304412690723547
515	1.000299811432345	0.00021152928452838839	-0.30606073248598603	-0.00021152928452838839	1.000299811432345	0.06998629284598251
516	1.000328628142711	0.0002955750380260588	-0.3751654887344634	-0.0002955750380260588	1.000328628142711	0.17773047402841075
517	1.0002374048987825	0.00022141637826013407	-0.257875488196784	-0.00022141637826013407	1.0002374048987825	0.159449812039513
518	1.000133602558577	0.0002092420816084044	-0.21116337689500544	-0.0002092420816084044	1.000133602558577	0.13817167829897653
519	1.0001625148280946	0.00023706993632849476	-0.22755050270754945	-0.00023706993632849476	1.0001625148280946	0.13602965861620703
520	1.0001640832058623	0.00019017643773126618	-0.1616330495064218	-0.00019017643773126618	1.0001640832058623	0.09689948338705232
521	1.000162256091885	0.0001878438247739396	-0.16612634835739828	-0.0001878438247739396	1.000162256091885	0.09807928187912333
522	1.000150817570782	0.00022791559872222002	-0.1900350003717992	-0.00022791559872222002	1.000150817570782	0.13758182870102073
523	1.00023689010574	0.00016073271013608646	-0.1944772305106759	-0.00016073271013608646	1.00023689010574	0.16193575867364118
524	1.0000675979113964	0.00016394866343332414	-0.11638212229403445	-0.00016394866343332414	1.0000675979113964	0.18413095414996683
525	1.0001313883129892	0.00017032549714997638	-0.15747631500231093	-0.00017032549714997638	1.0001313883129892	0.09990259626410819
526	1.0003038003834646	0.00016462207481554212	-0.26037029631880476	-0.00016462207481554212	1.0003038003834646	0.029891967006765663
527	1.0001664626504057	0.00012320054468983952	-0.12859644458746985	-0.00012320054468983952	1.0001664626504057	0.06691054730483678
528	1.0001073662420672	0.0001627702529445927	-0.10138662615266264	-0.0001627702529445927	1.0001073662420672	0.09181050027285655
529	1.0001250063914753	0.00014915588878097654	-0.14281348398138924	-0.00014915588878097654	1.0001250063914753	0.11598252462488676
530	1.0001062933900928	0.00019429065432471318	-0.14718783420727186	-0.00019429065432471318	1.0001062933900928	0.12301147511556676
531	1.000054313681914	0.00021259603861873149	-0.12822617031978933	-0.00021259603861873149	1.000054313681914	0.1776109530936261
532	1.0000246077361827	0.00015647327013696696	-0.0449460331599274	-0.00015647327013696696	1.0000246077361827	0.24113524525320018
533	1.0000401743703595	0.00019063182398868257	-0.07317740084155254	-0.00019063182398868257	1.0000401743703595	0.18242320686183103
534	1.0001029132244923	0.0001648751418318349	-0.14413401054697877	-0.0001648751418318349	1.0001029132244923	0.10873839543498398
535	1.00006130000625	0.00014973756803844253	-0.11969356792179053	-0.00014973756803844253	1.00006130000625	0.09933351037617394
536	1.0000377788258281	0.00013519602797296227	-0.09381844409579543	-0.00013519602797296227	1.0000377788258281	0.08482699563811608
537	1.0000006529465277	4.908008540386061e-05	-0.06555980585320552	-4.908008540386061e-05	1.0000006529465277	0.023920090190550004
538	0.999958297236258	9.608797814495805e-05	-0.059893985654343944	-9.608797814495805e-05	0.999958297236258	0.037563448336798484
539	1.000017499319481	5.885983046662836e-05	-0.06213351426782409	-5.885983046662836e-05	1.000017499319481	0.06356443350567224
540	1.0000193624365077	0.00011604351234985502	-0.04162302146850891	-0.00011604351234985502	1.0000193624365077	0.0737870411357138
541	1.0000366323777197	7.675745447150985e-05	-0.029505355504960754	-7.675745447150985e-05	1.0000366323777197	0.04351126144426144
542	1.000019588662538	8.272096127048222e-05	-0.06403044536199964	-8.272096127048222e-05	1.000019588662538	0.023735708827070934
543	1.000034256294158	3.947896588220627e-05	-0.05217780674396159	-3.947896588220627e-05	1.000034256294158	0.02094706662115573
544	1.0000479472571007	1.8791205800590528e-05	-0.04874246628895212	-1.8791205800590528e-05	1.0000479472571007	-0.0029433741674268652
545	1.0000742261878666	2.2528691170178882e-05	-0.07857550955673331	-2.2528691170178882e-05	1.0000742261878666	-0.04186052276147892
546	1.0000345624385985	7.649278302270748e-05	-0.05026372169962021	-7.649278302270748e-05	1.0000345624385985	0.035579672038046066
547	1.0000018591893094	6.424876381245251e-05	-0.012306119586616038	-6.424876381245251e-05	1.0000018591893094	0.04351592461386072
548	1.000030902920462	2.7081309802882438e-05	-0.004763604070859406	-2.7081309802882438e-05	1.000030902920462	0.002883663334764419
549	1.0000088629578534	-5.914415618063722e-06	0.009025253454933678	5.914415618063722e-06	1.0000088629578534	0.017379498079766936
550	1.000045623165963	-6.339136243055982e-07	0.0022129904741383893	6.339136243055982e-07	1.000045623165963	-0.01569831795711233
551	1.0000667847394538	2.961069733528035e-06	-0.01627937414239855	-2.961069733528035e-06	1.0000667847394538	-0.02110689607651617
552	1.000111224151773	-9.808386508242824e-06	-0.05283107583639022	9.808386508242824e-06	1.000111224151773	-0.026255151916862035
553	1.0000825255289667	-6.266209124476655e-05	0.0423997477606777	6.266209124476655e-05	1.0000825255289667	-0.10345173598520763
554	1.00013169683554	9.163948289651815e-06	-0.034473790078785295	-9.163948289651815e-06	1.00013169683554	-0.01557929206509293
555	1.0000461979304067	-1.3439684861218222e-05	0.0395674762183441	1.3439684861218222e-05	1.0000461979304067	0.06131229828899177
556	1.0001293180976485	-5.50961659811647e-05	-0.015107947698909805	5.50961659811647e-05	1.0001293180976485	-0.06414501546911365
557	1.0001466264395282	-3.469152006508301e-05	-0.03042549145054707	3.469152006508301e-05	1.0001466264395282	-0.08454333308154127
558	1.0001358598113677	-3.069834918611547e-05	-0.02165575810245457	3.069834918611547e-05	1.0001358598113677	-0.029764772164302622
559	1.0001737733213485	8.348546429121867e-06	-0.058711170625809564	-8.348546429121867e-06	1.0001737733213485	-0.07525577372493793
560	1.0001766011214832	-2.784982237327829e-05	-0.0727309402977186	2.784982237327829e-05	1.0001766011214832	-0.19574982533541924
561	1.0002298445425415	1.0536942555521272e-06	-0.11797666062384338	-1.0536942555521272e-06	1.0002298445425415	-0.2689653045717338
562	1.0002247138493954	2.9298397348552583e-06	-0.1102958807232352	-2.9298397348552583e-06	1.0002247138493954	-0.16054991698655052
563	1.0002251234349828	3.122351530393918e-05	-0.10397624971678768	-3.122351530393918e-05	1.0002251234349828	-0.11379886914625964
