0	1.0	0.0	0.0	0.0	1.0	0.0
1	1.0	-6.004414949064554e-19	3.410125102125747e-14	6.004414949064554e-19	1.0	1.552429398039533e-14
2	0.9999970056399995	7.994821385595502e-06	0.0007668474674841011	-7.994821385595502e-06	0.9999970056399995	0.0014239137633198264
3	0.9994332144556018	-0.00012478039396975537	0.3898115632919407	0.00012478039396975537	0.9994332144556018	-0.004526519396998689
4	0.9998097253015935	7.209277903199187e-05	-0.12385206051648896	-7.209277903199187e-05	0.9998097253015935	0.02556708131119278
5	0.9995080984472615	-5.287318777140251e-05	0.38185217163964247	5.287318777140251e-05	0.9995080984472615	0.04928052058781283
6	0.9996118360816035	5.246106744248708e-05	0.3102003186279882	-5.246106744248708e-05	0.9996118360816035	0.0999120604884137
7	0.9994907832160966	7.70686441382295e-06	0.44628352112711295	-7.70686441382295e-06	0.9994907832160966	0.0902732253203263
8	0.9994624371788431	-4.8921502937268974e-05	0.5433363289510693	4.8921502937268974e-05	0.9994624371788431	0.024660791891935603
9	0.9990287468581364	-0.00020646652650213614	1.0203327825031447	0.00020646652650213614	0.9990287468581364	-8.546859353626478e-05
10	0.9997098418392004	3.127407499285559e-05	0.050113451716371216	-3.127407499285559e-05	0.9997098418392004	0.05034058047520795
11	0.9999733988373576	-8.706092527067701e-06	0.024464078339995407	8.706092527067701e-06	0.9999733988373576	-0.0009245442977183077
12	0.9993296960264543	-0.00019103302171790117	0.696235647133732	0.00019103302171790117	0.9993296960264543	0.11418987588954192
13	0.999617767439185	-0.00013974692200916235	0.4078164221773412	0.00013974692200916235	0.999617767439185	0.08979003433904616
14	0.9996342585405444	-9.606144268800367e-05	0.40733284146532417	9.606144268800367e-05	0.9996342585405444	0.09340636765794828
15	0.9998438565449163	-1.4065744193992873e-05	0.10476980809783491	1.4065744193992873e-05	0.9998438565449163	0.001657857667651343
16	0.9997051466931839	-7.869122396610897e-05	0.4434168998741663	7.869122396610897e-05	0.9997051466931839	0.018784989050425797
17	0.9996639100732077	-0.00012349422760975446	0.4434581625742366	0.00012349422760975446	0.9996639100732077	-0.03661240625050344
18	0.9999860848111723	-1.4089528430253294e-06	0.01979705255141045	1.4089528430253294e-06	0.9999860848111723	0.0012529609660201745
19	0.999913104074253	1.587508424062906e-05	0.08846623533273634	-1.587508424062906e-05	0.999913104074253	-0.04075362948734629
20	0.9998639252972742	6.892272751081101e-05	0.15347964996364927	-6.892272751081101e-05	0.9998639252972742	-0.08492019266395517
21	0.999499354695043	-0.00011586522349329851	0.5968484258586817	0.00011586522349329851	0.999499354695043	-0.06532178862422684
22	0.9996584748550343	-0.00010566770665673991	0.3717483196696719	0.00010566770665673991	0.9996584748550343	-0.09725749048514676
23	0.9997775237974545	-0.00015700250500522882	0.27673041642212215	0.00015700250500522882	0.9997775237974545	-0.11123081348130232
24	0.9997300355660744	-0.0003025182887845638	0.37403477426662385	0.0003025182887845638	0.9997300355660744	-0.13951502757014445
25	0.999916250039125	-5.5820100823269375e-05	0.03175172187116987	5.5820100823269375e-05	0.999916250039125	0.015386825119181519
26	0.9999567082371442	-0.0003337864246384363	0.5382336779068185	0.0003337864246384363	0.9999567082371442	-0.07756395416297265
27	1.0006297126042334	-0.00015043369892605045	0.19277216050553792	0.00015043369892605045	1.0006297126042334	-0.16845705387518228
28	0.9997538490102403	-0.00018893279269266525	0.48213663336007373	0.00018893279269266525	0.9997538490102403	-0.07320472419037702
29	0.9995342380435223	-0.00031975321377078047	0.4776125465878544	0.00031975321377078047	0.9995342380435223	-0.08181242895937159
30	0.9999926031089196	7.576046942260646e-06	0.0631831607829268	-7.576046942260646e-06	0.9999926031089196	-0.009270639539027231
31	0.9996283999998159	-4.64629297463489e-05	0.5129622999497925	4.64629297463489e-05	0.9996283999998159	0.011299183203291471
32	0.9999829675023542	-1.929043617862725e-06	0.03185941618231315	1.929043617862725e-06	0.9999829675023542	-0.006680290955983176
33	0.9999517004662635	-7.800909233903104e-05	0.11434047662159168	7.800909233903104e-05	0.9999517004662635	-0.06990113781447677
34	0.9998193142763361	-0.00022278369580849944	0.3924146603023222	0.00022278369580849944	0.9998193142763361	-0.04867269403331438
35	1.0000732903480456	-1.7166272692921186e-05	0.01249920045665956	1.7166272692921186e-05	1.0000732903480456	0.01082509094598677
36	0.9998317714025222	-0.00029389638419727846	0.33936782845971525	0.00029389638419727846	0.9998317714025222	-0.19684900745568434
37	0.999982358298928	-0.00018779264326020367	0.2143220231304603	0.00018779264326020367	0.999982358298928	-0.1680252809137474
38	0.9999307515682527	-0.00023303639165264884	0.21651754527738154	0.00023303639165264884	0.9999307515682527	-0.17527530567905947
39	1.000020642622903	-1.2811775134004217e-05	0.008570080603230579	1.2811775134004217e-05	1.000020642622903	-0.015482086402237766
40	0.9998203841894433	-0.00016517624590265323	0.2345781659711679	0.00016517624590265323	0.9998203841894433	-0.14534553653161492
41	0.9999799691091615	-0.00018905816357608993	0.22168640168013126	0.00018905816357608993	0.9999799691091615	-0.125738926042503
42	0.9999670903759872	-0.00016819345244120662	0.1794174169680031	0.00016819345244120662	0.9999670903759872	-0.11153255169654187
43	0.999932043001237	-1.8414662897764825e-05	0.18065602019246524	1.8414662897764825e-05	0.999932043001237	-0.05840303282882806
44	0.9998848302035626	6.946277678008736e-05	0.12347234414017362	-6.946277678008736e-05	0.9998848302035626	0.012014128165451006
45	1.0000454323623653	0.00015767014506281568	0.05809220250640958	-0.00015767014506281568	1.0000454323623653	-0.01701457549272152
46	0.9999672198270846	0.00018888007841680988	0.013206940503640949	-0.00018888007841680988	0.9999672198270846	0.003733066991970494
47	0.9998051236635586	-0.0001768528650272452	0.2101806096077187	0.0001768528650272452	0.9998051236635586	-0.09582534444317302
48	1.0000600559504458	-0.00013299991327866005	0.002260710566623386	0.00013299991327866005	1.0000600559504458	-0.1688254884170115
49	1.0001602088348966	-1.421899374917238e-05	-0.08012115109110396	1.421899374917238e-05	1.0001602088348966	-0.22652848477266146
50	1.0001150939066836	-0.0001612489591478239	-0.005990986937925335	0.0001612489591478239	1.0001150939066836	-0.2655019821910405
51	1.0004723049765993	3.403649528276721e-05	-0.13611888291682056	-3.403649528276721e-05	1.0004723049765993	-0.14472984918005455
52	1.0000483182120927	-3.3984766706642e-07	-0.016850077641801582	3.3984766706642e-07	1.0000483182120927	-0.014462514060168241
53	1.0004043448579514	-1.269791790951982e-05	-0.14202639907017992	1.269791790951982e-05	1.0004043448579514	-0.09896673001138896
54	1.0002640453701697	-5.252235938707984e-05	-0.09055969702848152	5.252235938707984e-05	1.0002640453701697	-0.07247787762593977
55	1.0004174647519355	0.00018240645751475365	-0.220176761381737	-0.00018240645751475365	1.0004174647519355	-0.07023107019598099
56	1.000573124826579	0.00033570923147220637	-0.28584422964367456	-0.00033570923147220637	1.000573124826579	-0.04734880306499206
57	1.0004920770007781	0.0002979471468813042	-0.2770108935771147	-0.0002979471468813042	1.0004920770007781	-0.01747393026287014
58	1.0003917710581571	0.00020862776284388322	-0.2537264026238481	-0.00020862776284388322	1.0003917710581571	-0.029802168325090764
59	1.0004466571001431	0.00017753135457525263	-0.2653504637824262	-0.00017753135457525263	1.0004466571001431	0.008803818689425834
60	1.0004186503792252	0.0001508210515070016	-0.23412159515918882	-0.0001508210515070016	1.0004186503792252	0.0016017960733474208
61	1.000592327778961	0.00015096012575568267	-0.41656943909782823	-0.00015096012575568267	1.000592327778961	-0.024461760779626904
62	1.0003864292195228	-6.19120967474285e-05	-0.25988670014850296	6.19120967474285e-05	1.0003864292195228	-0.029682166290285444
63	1.0003778382102773	-0.00011661036858623449	-0.23356386048388653	0.00011661036858623449	1.0003778382102773	-0.02406617486447499
64	1.0003594081813523	-7.367205624997096e-05	-0.23344494901784377	7.367205624997096e-05	1.0003594081813523	-0.052618305087306826
65	1.0006040392801963	9.382979166907766e-05	-0.4529365219912018	-9.382979166907766e-05	1.0006040392801963	-0.07785247726980726
66	1.000074980324001	5.009224406411546e-06	-0.08028664841603522	-5.009224406411546e-06	1.000074980324001	-0.010352459753493519
67	1.0001460490572849	4.894599268352642e-05	-0.13952274239417095	-4.894599268352642e-05	1.0001460490572849	-0.0033355618893156497
68	0.999995504020507	0.00010709362090854215	-0.13372733491421662	-0.00010709362090854215	0.999995504020507	0.13650150138987352
69	1.0000010403724573	0.00016979840051785809	-0.12117042483349796	-0.00016979840051785809	1.0000010403724573	0.17480042691109343
70	1.0002999956777534	0.00035024511691626866	-0.29899591438066003	-0.00035024511691626866	1.0002999956777534	0.19183809537120464
71	1.0002726979815406	0.00020628102996231792	-0.20124693261032264	-0.00020628102996231792	1.0002726979815406	0.10720180818760375
72	1.0002960037837345	0.00018701767184696157	-0.22901130222996216	-0.00018701767184696157	1.0002960037837345	0.05571590986327152
73	1.0000630236339145	4.827285055315159e-05	-0.057183583957510456	-4.827285055315159e-05	1.0000630236339145	0.02010735590343038
74	1.0002235091029499	0.00010396403572146903	-0.2165405939978191	-0.00010396403572146903	1.0002235091029499	0.02054004705975461
75	1.0005664239185994	0.0001456584735014956	-0.5309216700731183	-0.0001456584735014956	1.0005664239185994	0.030796768815486587
76	1.0001587344821519	0.00013959682591313698	-0.19505688193001267	-0.00013959682591313698	1.0001587344821519	0.02805116128751779
77	1.0001052132408466	6.456885086783906e-05	-0.12345826386036443	-6.456885086783906e-05	1.0001052132408466	-0.027517857655519524
78	1.0001045470236651	5.612405275816068e-06	-0.07693091799229201	-5.612405275816068e-06	1.0001045470236651	-0.07681820506864831
79	1.0000146376288035	-5.969967929689862e-05	-0.0032165137215470372	5.969967929689862e-05	1.0000146376288035	-0.10620464048778919
80	1.0000051812759259	-7.511329287546177e-05	0.06243830529707861	7.511329287546177e-05	1.0000051812759259	-0.1153402286905077
81	0.9999559337148068	-0.00013040649431373953	0.14292544377903754	0.00013040649431373953	0.9999559337148068	-0.12437210721821841
82	0.999773407292257	-0.00014293909315362513	0.4225611629203882	0.00014293909315362513	0.999773407292257	-0.1530037395784659
83	0.999726104551559	-0.00013599164224549558	0.2732251589227661	0.00013599164224549558	0.999726104551559	-0.07599704655337455
84	0.9997437304971778	-0.00019679617148004702	0.22372618746545117	0.00019679617148004702	0.9997437304971778	-0.058917627594733825
85	0.9997246221435149	-4.1717953017697324e-05	0.27642459599525165	4.1717953017697324e-05	0.9997246221435149	-0.019240580533672964
86	0.9996676963510169	-0.000117914844365581	0.26749043299894637	0.000117914844365581	0.9996676963510169	-0.08214143884473063
87	0.9999623457769269	-1.768030919877947e-05	0.03574611874932731	1.768030919877947e-05	0.9999623457769269	-0.017082895293294025
88	0.9997217579096455	-7.851444733557192e-05	0.2527309954569108	7.851444733557192e-05	0.9997217579096455	-0.08863520906052805
89	0.999799271114338	-0.00018887979556306582	0.245432950765397	0.00018887979556306582	0.999799271114338	-0.12422828464348079
90	1.000088015402641	9.327804636161623e-05	0.028661937257025323	-9.327804636161623e-05	1.000088015402641	-0.037121768010667244
91	0.9998585519920807	-4.725911195963342e-05	0.26709009801515027	4.725911195963342e-05	0.9998585519920807	-0.007481098332307035
92	0.9998310470870991	2.4082364433873762e-05	0.256469050631929	-2.4082364433873762e-05	0.9998310470870991	0.07833948171553347
93	0.9998101979252771	7.265442356829735e-05	0.24892960404244663	-7.265442356829735e-05	0.9998101979252771	0.12607518027214001
94	0.9999766628015325	1.4453403876652057e-05	0.03195325616061981	-1.4453403876652057e-05	0.9999766628015325	0.030531730415459868
95	0.9995490286125691	3.152630008456216e-05	0.3140494327236067	-3.152630008456216e-05	0.9995490286125691	0.14636666202313264
96	0.9995816827115582	4.510515970533225e-05	0.4221974477375629	-4.510515970533225e-05	0.9995816827115582	0.13911800511243066
97	0.9997028989651594	6.760103685757958e-05	0.25126217155053576	-6.760103685757958e-05	0.9997028989651594	0.07228440338099193
98	0.9996551842344767	6.731547172578107e-05	0.37932576755086383	-6.731547172578107e-05	0.9996551842344767	0.028945037601171286
99	0.9997065589540008	2.894259931511574e-05	0.3507986946024685	-2.894259931511574e-05	0.9997065589540008	0.027196536186168754
100	0.9997470516045217	-5.006885414627005e-06	0.2686341644957114	5.006885414627005e-06	0.9997470516045217	0.01412742742344826
101	0.9997443281922412	2.641929530174786e-05	0.23380577324237764	-2.641929530174786e-05	0.9997443281922412	0.03326257192725397
102	0.9998442644283608	4.176247859911452e-05	0.20061477584197385	-4.176247859911452e-05	0.9998442644283608	0.03620417097109863
103	0.9998396905001548	-3.175282244396283e-05	0.2372184295026349	3.175282244396283e-05	0.9998396905001548	0.00040110646441487985
104	1.0000331337853887	-9.607838245504331e-06	0.06720638667983314	9.607838245504331e-06	1.0000331337853887	-0.04106313785745119
105	1.0000558201645426	-5.970631424694131e-05	0.1104461326781899	5.970631424694131e-05	1.0000558201645426	-0.07372274262325627
106	1.0000378692033451	1.0965342069105938e-05	0.07985112657429894	-1.0965342069105938e-05	1.0000378692033451	-0.006788825463059825
107	1.0000102838693026	1.9815156114418036e-05	0.0102754277682139	-1.9815156114418036e-05	1.0000102838693026	0.0026300085849157336
108	0.999996647232386	1.097938652697049e-05	0.07084727644690092	-1.097938652697049e-05	0.999996647232386	0.01167773280607974
109	0.9999849352611049	-5.605101876335924e-06	0.05429355901430255	5.605101876335924e-06	0.9999849352611049	0.022334377806668915
110	1.000068339012831	-0.00017100118638274368	0.0037009110483431223	0.00017100118638274368	1.000068339012831	-0.07010302233415842
111	1.0000740987972774	-5.121497933398999e-05	-0.0037097964831952664	5.121497933398999e-05	1.0000740987972774	-0.051775679929350955
112	1.0000833750833162	-4.198807239297645e-05	-0.031625115119899426	4.198807239297645e-05	1.0000833750833162	-0.035347753463005005
113	1.0000844437709402	-8.243994587518161e-05	-0.07484937584701035	8.243994587518161e-05	1.0000844437709402	-0.058335553925613896
114	1.000020837140514	-1.765457085771024e-05	-0.020638126898490258	1.765457085771024e-05	1.000020837140514	-0.015967321587850834
115	1.0002353275676432	-6.503892138747117e-05	-0.03923004977965066	6.503892138747117e-05	1.0002353275676432	-0.024565567248389167
116	1.0001503585744387	-8.405077474736901e-05	-0.05915754856209844	8.405077474736901e-05	1.0001503585744387	-0.04236986927971665
117	1.0000954500425052	-7.585518663211722e-05	-0.052397637536457604	7.585518663211722e-05	1.0000954500425052	-0.041004819715835424
118	1.0000812550351803	-7.656835818312634e-05	-0.03567670165236482	7.656835818312634e-05	1.0000812550351803	-0.09520139958891292
119	1.0000701224778423	-5.454764648846928e-05	-0.042412722641613304	5.454764648846928e-05	1.0000701224778423	-0.04632238395353532
120	1.0001429953698204	-1.8813976921910325e-05	-0.07453731707526745	1.8813976921910325e-05	1.0001429953698204	-0.029270273865153316
121	1.0000497093122411	1.0823407192851915e-05	-0.018872226075642207	-1.0823407192851915e-05	1.0000497093122411	-0.0007698581394541463
122	1.0000522186424592	-5.855267973879507e-05	-0.04300368288857683	5.855267973879507e-05	1.0000522186424592	-0.008600576095727874
123	1.0000327722090077	-1.3105650831705712e-05	-0.026305402409702694	1.3105650831705712e-05	1.0000327722090077	-0.005349229981618242
124	1.0000175647642182	1.0136015545269772e-06	-0.0002277742519215242	-1.0136015545269772e-06	1.0000175647642182	-0.005080078366507611
125	0.9998905768616232	-2.3548488410491482e-05	0.03488858137007181	2.3548488410491482e-05	0.9998905768616232	-0.04829861143986186
126	0.9999174780964919	-8.069871337634849e-06	0.01051022900927096	8.069871337634849e-06	0.9999174780964919	-0.03189167845795277
127	0.9999558424600608	-1.7595317727784753e-05	-0.04107652608927026	1.7595317727784753e-05	0.9999558424600608	-0.019897683020852097
128	1.0000021666623304	-1.791233350373085e-05	-0.022023043344187903	1.791233350373085e-05	1.0000021666623304	-0.01598039158164685
129	1.0000058640146516	-0.00010005375779697435	-0.07884762690998337	0.00010005375779697435	1.0000058640146516	-0.07951486368266224
130	1.0000135918364903	-7.114198457518434e-05	-0.12603396462939723	7.114198457518434e-05	1.0000135918364903	-0.04058733342340865
131	1.0000845464677806	-5.2250477883879966e-05	-0.15566152801517674	5.2250477883879966e-05	1.0000845464677806	-0.006317569306183909
132	1.0000485922754112	-5.347574534431688e-05	-0.09935659881510714	5.347574534431688e-05	1.0000485922754112	0.037968740986043636
133	1.0000584986583323	3.400594672520708e-05	-0.11683705080214923	-3.400594672520708e-05	1.0000584986583323	0.03514990079533648
134	1.0001282722416573	9.893694262004565e-05	-0.16127401923670437	-9.893694262004565e-05	1.0001282722416573	0.038216731756673394
135	1.0001584709328393	0.00017369207498298063	-0.1892120425115206	-0.00017369207498298063	1.0001584709328393	0.08021631177928747
136	1.000180600297671	0.00017291560767456588	-0.1850905700681048	-0.00017291560767456588	1.000180600297671	0.09187642526961734
137	1.0001846931220515	0.00015114531447399786	-0.16191482380956418	-0.00015114531447399786	1.0001846931220515	0.09123732401681375
138	1.0001868276497519	0.00015058958891218542	-0.19260324412581675	-0.00015058958891218542	1.0001868276497519	0.09207806609524638
139	1.0002329483024146	0.00025880411529128494	-0.24075524985660007	-0.00025880411529128494	1.0002329483024146	0.12509639802662953
140	1.0000113444695937	0.0002136437193946089	-0.05119963561328017	-0.0002136437193946089	1.0000113444695937	0.059922298115705486
141	1.000067924896327	0.00012929692523618163	-0.08979186700897873	-0.00012929692523618163	1.000067924896327	0.04849485398915861
142	1.0001450551788396	0.00026255937367328046	-0.23353606423298645	-0.00026255937367328046	1.0001450551788396	0.10772560806826723
143	1.0002332010321935	0.00038454320668488703	-0.37033925447496935	-0.00038454320668488703	1.0002332010321935	0.14703992247136521
144	1.0002839993192307	0.00041305750426935293	-0.41355391843375405	-0.00041305750426935293	1.0002839993192307	0.170199775490088
145	1.0003128249265303	0.00040476520630015374	-0.37816517400046845	-0.00040476520630015374	1.0003128249265303	0.1311499186928995
146	1.000334353831451	0.00010348864884127293	-0.2973769113845507	-0.00010348864884127293	1.000334353831451	-0.006934996828738119
147	1.0004101828867331	0.0002933756217716019	-0.46494441773629763	-0.0002933756217716019	1.0004101828867331	0.205667586532835
148	1.0003260156153668	0.000330062079573232	-0.419022702052525	-0.000330062079573232	1.0003260156153668	0.2489929580680621
149	1.0001404049339855	0.00014177794729266417	-0.16897758930174128	-0.00014177794729266417	1.0001404049339855	0.10537991705446978
150	1.0002737466220752	0.00019693152089936977	-0.3825479253404991	-0.00019693152089936977	1.0002737466220752	0.03886915453794913
151	1.0005052371878793	0.0003781172151411684	-0.5428294324940176	-0.0003781172151411684	1.0005052371878793	0.15997925444508707
152	1.0003863531185127	0.00024975977485456815	-0.4272028101483068	-0.00024975977485456815	1.0003863531185127	0.07905526777379857
153	1.0005056963826506	0.0004720120533134604	-0.5393736445183235	-0.0004720120533134604	1.0005056963826506	0.10916543320490311
154	1.0006041885510177	0.0006397169937860224	-0.7053731115019409	-0.0006397169937860224	1.0006041885510177	0.2668466859301111
155	1.0003922950718425	0.0005774050478117816	-0.532879687240485	-0.0005774050478117816	1.0003922950718425	0.32172958720151995
156	1.0002687668201728	0.0005009641333826404	-0.41386914509090217	-0.0005009641333826404	1.0002687668201728	0.32578651058285885
157	1.0001800707717035	0.00047842465856476546	-0.3192211923904406	-0.00047842465856476546	1.0001800707717035	0.37415968608662786
158	1.0001664748270012	0.0004205034670421027	-0.30318235095235785	-0.0004205034670421027	1.0001664748270012	0.3250219311458332
159	1.0000385116819452	0.00034554197051308276	-0.184805845017561	-0.00034554197051308276	1.0000385116819452	0.2241072940072001
160	0.9996242367725694	4.276751800188849e-05	0.2266943489998957	-4.276751800188849e-05	0.9996242367725694	0.0430055614706496
161	0.9995807079326132	-1.879302743160119e-05	0.2887149716998875	1.879302743160119e-05	0.9995807079326132	0.022986490101870906
162	0.9998958393825823	-4.830697249777184e-06	0.07405660273070662	4.830697249777184e-06	0.9998958393825823	0.04474364528841547
163	0.9997168726513483	4.34204893100749e-07	0.21623338806685416	-4.34204893100749e-07	0.9997168726513483	0.09630162594871075
164	0.9996250659815155	-8.852968282061314e-05	0.276510959134471	8.852968282061314e-05	0.9996250659815155	0.09244147033632218
165	0.9995388132805824	-7.26361298856431e-05	0.4364941270492294	7.26361298856431e-05	0.9995388132805824	0.17854011664781433
166	0.9997406825846165	-1.9868908981177403e-06	0.36319864151779147	1.9868908981177403e-06	0.9997406825846165	0.14976684604618423
167	0.999810650076781	8.109193250636217e-05	0.2811226057299619	-8.109193250636217e-05	0.999810650076781	0.06785991929219734
168	0.9999154717936826	5.298011762044582e-05	0.2501787825594505	-5.298011762044582e-05	0.9999154717936826	0.028806609836449348
169	0.9999923579053833	2.4176445796628664e-05	0.06683034291064338	-2.4176445796628664e-05	0.9999923579053833	0.027531291381201528
170	0.9999522867510746	-0.00010029634925793441	0.17583703894653707	0.00010029634925793441	0.9999522867510746	-0.015079811670983706
171	0.9998435594208814	-0.0002552250320409112	0.44141415008573376	0.0002552250320409112	0.9998435594208814	-0.03813325271416772
172	0.9997283269856637	-0.00037364313598333614	0.430275175956748	0.00037364313598333614	0.9997283269856637	-0.054007133364490895
173	0.9997379607119663	-0.00047833393065937764	0.39830538992048314	0.00047833393065937764	0.9997379607119663	-0.14695894209536736
174	0.999753661707099	-0.0004914967268084226	0.37991046222036395	0.0004914967268084226	0.999753661707099	-0.12372846256865833
175	0.9995408850574098	-0.00032921102045633914	0.3891587337970464	0.00032921102045633914	0.9995408850574098	-0.07254398678547828
176	0.9993333971475707	-0.00017813809379950212	0.460625398419832	0.00017813809379950212	0.9993333971475707	0.12772488307764407
177	0.9993393843099764	-3.9203250445608124e-05	0.5095954545403658	3.9203250445608124e-05	0.9993393843099764	0.2498518301183351
178	0.9992168411600821	-0.00016953484204968914	0.5926570392223646	0.00016953484204968914	0.9992168411600821	0.10708785204606311
179	0.9991452986147031	-0.00016315084596570453	0.6079647837227791	0.00016315084596570453	0.9991452986147031	0.09619780865126899
180	0.9992027938249411	-0.00015959192370864573	0.6311699819250819	0.00015959192370864573	0.9992027938249411	0.14452271793111185
181	0.9994684458775889	-0.00029418705126912784	0.265574278185166	0.00029418705126912784	0.9994684458775889	-0.0643273837339761
182	0.9991500506478707	-5.1980982477091816e-05	0.5651700481815329	5.1980982477091816e-05	0.9991500506478707	0.22350862370508306
183	0.9996185730970467	-1.2833021621324608e-05	0.30933545579517546	1.2833021621324608e-05	0.9996185730970467	0.12701044877587253
184	0.9992534359080578	2.7751114124078795e-05	0.5658401373297588	-2.7751114124078795e-05	0.9992534359080578	0.2414153046897562
185	0.998984114072737	0.0001711749890587314	0.8101650179664115	-0.0001711749890587314	0.998984114072737	0.4687429186423663
186	0.99957819769333	-0.0001743948747267554	0.3070316178674354	0.0001743948747267554	0.99957819769333	0.08704204285701633
187	0.9994960846383859	-0.0002008533350380577	0.5119159706863475	0.0002008533350380577	0.9994960846383859	0.13767863519090418
188	0.9994910877737593	-0.0002429626286437724	0.5375841467644956	0.0002429626286437724	0.9994910877737593	0.16691206446352164
189	0.9994671062187401	-0.00040911790188816004	0.5499099648317581	0.00040911790188816004	0.9994671062187401	0.090324436371537
190	0.9995142564264291	-0.000264178279742311	0.4062698504242128	0.000264178279742311	0.9995142564264291	0.07152541165205972
191	0.9991105157674187	2.8654591317473204e-05	0.565371393754322	-2.8654591317473204e-05	0.9991105157674187	0.4638392986458961
192	0.9990262613425054	-0.0002279236876102591	0.584851448667342	0.0002279236876102591	0.9990262613425054	0.40214061711393434
193	0.999006768572031	-4.45410309874193e-05	0.4755575020899279	4.45410309874193e-05	0.999006768572031	0.38026815851317686
194	0.9990223844928182	-0.00013082142021103138	0.4672878918863086	0.00013082142021103138	0.9990223844928182	0.29906391775034896
195	0.9990336950015507	-0.00023487091742430317	0.4146652682772269	0.00023487091742430317	0.9990336950015507	0.2269654619563062
196	0.9993330321493076	-0.00022928621813733462	0.33100521599412774	0.00022928621813733462	0.9993330321493076	0.11786811884048996
197	0.9993236866367777	-0.00030308581407673677	0.3449666968944839	0.00030308581407673677	0.9993236866367777	0.11581806921105997
198	0.9993500485046524	-0.0002914475421413304	0.3549206551688983	0.0002914475421413304	0.9993500485046524	0.05494525306511171
199	0.9993588508917653	-0.0003578235274514293	0.43049146383789794	0.0003578235274514293	0.9993588508917653	0.0014011046465283727
200	0.9994804232100113	-0.0003185314112426031	0.3921033421895876	0.0003185314112426031	0.9994804232100113	0.00840540518854467
201	0.9995038692883428	-0.00035662698968132915	0.34891730485661215	0.00035662698968132915	0.9995038692883428	0.06306606364427614
202	0.9997035785501075	-8.243444580611733e-05	0.23133478632148918	8.243444580611733e-05	0.9997035785501075	0.11086886491308769
203	0.9997723139665811	-5.521081917853385e-05	0.12136363263190696	5.521081917853385e-05	0.9997723139665811	0.14767057897297053
204	0.9998834616892109	-0.00015488229486674044	0.051450398156647426	0.00015488229486674044	0.9998834616892109	0.059416654985599206
205	0.9999536325490397	-8.216493281084508e-05	0.019502492913870295	8.216493281084508e-05	0.9999536325490397	0.07674507214368997
206	0.9999750758365836	1.319729828944117e-05	-0.050688379827825376	-1.319729828944117e-05	0.9999750758365836	0.18834722991089978
207	1.0001211467648807	0.00011376074713316887	-0.15707444382178806	-0.00011376074713316887	1.0001211467648807	0.11319618349226744
208	0.9999903195527055	-1.0849477951164639e-05	-0.11067737984132522	1.0849477951164639e-05	0.9999903195527055	0.03294773887606418
209	0.9999908763698835	5.180900269170517e-05	-0.12894610110115018	-5.180900269170517e-05	0.9999908763698835	0.07686609646339707
210	0.9999309698219557	3.811190788997404e-05	-0.15146121336941906	-3.811190788997404e-05	0.9999309698219557	0.2158638635292085
211	0.9999268656148139	-0.00010623132253076928	-0.13008289715522445	0.00010623132253076928	0.9999268656148139	0.14589140315980634
212	0.9998069415273549	-0.0003177490192495232	0.05894849042060812	0.0003177490192495232	0.9998069415273549	-0.01213675944827171
213	0.9996741290081255	-0.0005884646140408554	0.2295492579498446	0.0005884646140408554	0.9996741290081255	-0.14059067135613068
214	0.9997992886679403	-0.00042281709841831324	0.18984000376627663	0.00042281709841831324	0.9997992886679403	-0.17380201191034275
215	0.9997577720665037	-0.00043691042353765275	0.14304867438022698	0.00043691042353765275	0.9997577720665037	-0.15222750362074447
216	0.9998210369551407	-0.000319534432202637	0.14954323101325268	0.000319534432202637	0.9998210369551407	-0.12157893257099694
217	1.0000233030828252	-0.00022779568425811825	0.027568930396160252	0.00022779568425811825	1.0000233030828252	-0.06453612926593318
218	0.9999758881388409	-0.0002584586505388045	0.07978550308706374	0.0002584586505388045	0.9999758881388409	-0.10093636721547704
219	1.0000492447429918	-0.00024309791719476508	0.006788218297699919	0.00024309791719476508	1.0000492447429918	-0.09390321460093813
220	0.9999723313561739	-0.000286833010547202	0.000857775727727506	0.000286833010547202	0.9999723313561739	-0.07141242911583034
221	1.0000344415722409	-0.00027757750707227354	-0.15091799022610597	0.00027757750707227354	1.0000344415722409	0.03366776904838831
222	0.9999835176458493	-0.0002031098732401803	-0.21572200235538364	0.0002031098732401803	0.9999835176458493	0.15602610624254626
223	0.999882887060807	-0.0006046963714908251	-0.10439778314364134	0.0006046963714908251	0.999882887060807	0.024847113010225463
224	1.0000273538654714	-0.0003864123861850929	-0.08524805402584618	0.0003864123861850929	1.0000273538654714	-0.03542196364437866
225	0.9997891942130872	-0.00015786893754773942	-0.1726166156167553	0.00015786893754773942	0.9997891942130872	0.09555793742957035
226	0.9998453858819394	-0.00020842251491043047	-0.2610905572378913	0.00020842251491043047	0.9998453858819394	0.1795816384363842
227	0.9998114187289516	-0.0003809236452450028	-0.12796877031956538	0.0003809236452450028	0.9998114187289516	0.1431544357942704
228	0.9997840169307469	-0.00015545006498232696	-0.09914066936899923	0.00015545006498232696	0.9997840169307469	0.16275169188982364
229	0.9997409284252601	-2.391426735182723e-05	-0.09127754346305594	2.391426735182723e-05	0.9997409284252601	0.23742456047185412
230	0.9996873057058235	-3.6166670061335267e-06	-0.046572764099258535	3.6166670061335267e-06	0.9996873057058235	0.2635315992509897
231	0.999689202544984	-2.3816571127262813e-05	-0.018091832055180026	2.3816571127262813e-05	0.999689202544984	0.2651383027636694
232	0.9997177193880245	-0.00011450833675351771	-0.041348131721010005	0.00011450833675351771	0.9997177193880245	0.25180122977349817
233	0.9995494280182459	-0.0003393737977386409	0.04297950895717084	0.0003393737977386409	0.9995494280182459	0.1683493379124256
234	0.999670823714051	-0.00023916350634557146	0.024277798217748534	0.00023916350634557146	0.999670823714051	0.1800173007430257
235	0.9995924432964913	-0.0003810660432381029	0.06291735951149521	0.0003810660432381029	0.9995924432964913	0.08337481578979244
236	0.9997159500449658	-0.00030089670252355543	-0.010501340200279402	0.00030089670252355543	0.9997159500449658	0.05117740348767355
237	0.9997742081372	-0.00023099980783145496	-0.03907894043737621	0.00023099980783145496	0.9997742081372	0.020145233250507585
238	0.9997829374098918	-0.00017603137204594561	0.013258395467904097	0.00017603137204594561	0.9997829374098918	-0.008686256145141652
239	0.9999796362469604	-9.904631923931573e-05	-0.07138936057250758	9.904631923931573e-05	0.9999796362469604	0.004663923785068598
240	0.9998564478518643	-0.00021268211380631364	-0.0824439223728761	0.00021268211380631364	0.9998564478518643	-0.02321860907347227
241	0.9999921456709993	-0.0001948641933285583	-0.12910523143398617	0.0001948641933285583	0.9999921456709993	-0.026977771479910748
242	1.0000669856776103	-0.0001907323300330651	-0.1574227758274668	0.0001907323300330651	1.0000669856776103	-0.06555098304421686
243	0.9998596222388012	-0.0003053444943442216	-0.05039652001272632	0.0003053444943442216	0.9998596222388012	-0.11466935117656085
244	1.0000528304361322	-0.00019789592551374823	-0.12026808125814732	0.00019789592551374823	1.0000528304361322	-0.11451472180689132
245	0.9998806258794076	-0.00024062316440402344	-0.039286411162887114	0.00024062316440402344	0.9998806258794076	-0.09273102028614255
246	0.9999914581966257	-0.0002081281865338041	-0.0942714263695629	0.0002081281865338041	0.9999914581966257	-0.10118388484387174
247	0.9999674973135675	-0.00021957413824049492	-0.21575095248088388	0.00021957413824049492	0.9999674973135675	-0.09677014610555773
248	0.9998536832345571	-0.0002911525938670764	-0.0009586019448708516	0.0002911525938670764	0.9998536832345571	-0.15062268822924407
249	0.9998469278423104	-0.0002579498177696977	-0.017975273429377204	0.0002579498177696977	0.9998469278423104	-0.11243980252857139
250	0.9998484003508662	-0.00022687036736422032	-0.00467962170111319	0.00022687036736422032	0.9998484003508662	-0.0939932502701667
251	0.9998053696613131	-0.00023254165591618433	0.08476077390124015	0.00023254165591618433	0.9998053696613131	-0.10801250008396268
252	0.999744779282176	-0.00015823181585118945	0.1452594372960193	0.00015823181585118945	0.999744779282176	-0.06566913402745882
253	0.9997039952138608	-9.030566451493208e-05	0.12012358644498386	9.030566451493208e-05	0.9997039952138608	0.05134765281984475
254	0.9997645233796171	-4.106404840155009e-05	0.033618505359109555	4.106404840155009e-05	0.9997645233796171	0.14037014351302496
255	0.999808110687324	4.463885137945125e-05	0.046323017932136536	-4.463885137945125e-05	0.999808110687324	0.11534569756626852
256	0.999693524230531	7.971658544015395e-05	0.14605381022031072	-7.971658544015395e-05	0.999693524230531	0.12231324256903404
257	0.999664165106312	0.00012861309844470123	0.22263270043661426	-0.00012861309844470123	0.999664165106312	0.14064300553196082
258	0.99980639939003	-7.948093180645561e-05	0.006027229606486273	7.948093180645561e-05	0.99980639939003	-0.021492366626123527
259	0.9998613471688009	-7.00312419714367e-05	0.011968815596727663	7.00312419714367e-05	0.9998613471688009	-0.039996587150716655
260	0.9998597995786548	-1.0330165959749399e-06	0.04182637403889449	1.0330165959749399e-06	0.9998597995786548	0.011104162944500687
261	0.9998048511175008	-5.163058872200648e-05	0.04697689848648968	5.163058872200648e-05	0.9998048511175008	0.03933313606411857
262	1.000056860888323	0.0001623156619244802	-0.13223975531297016	-0.0001623156619244802	1.000056860888323	0.20737865263109612
263	1.0000130928403643	1.0462823839628389e-05	-0.07447985044957788	-1.0462823839628389e-05	1.0000130928403643	-0.0012549287953828106
264	1.0000605161434024	-6.593936712372193e-05	-0.12548303016769027	6.593936712372193e-05	1.0000605161434024	-0.0790114688965688
265	1.0000391486990072	-0.00013510693902920592	-0.11181041518989693	0.00013510693902920592	1.0000391486990072	-0.14853945213800737
266	1.0000564142616988	-0.0001551308296872634	-0.09932744519455725	0.0001551308296872634	1.0000564142616988	-0.14711177911686923
267	1.0001181736252622	-7.658700305826407e-05	-0.045569729330031894	7.658700305826407e-05	1.0001181736252622	-0.0846696299460803
268	1.0000973077749886	-0.00010337587290413262	-0.001793665811542686	0.00010337587290413262	1.0000973077749886	-0.14964332360208077
269	1.000050724249036	-5.0810468583412425e-05	0.022522185871381124	5.0810468583412425e-05	1.000050724249036	-0.06785583542474864
270	1.0000365036002348	-3.209081073305973e-05	0.07773762753934979	3.209081073305973e-05	1.0000365036002348	-0.10824165275100221
271	1.0000740997371924	-7.089807794829227e-05	0.05413676427623934	7.089807794829227e-05	1.0000740997371924	-0.16825915814209794
272	1.0000120218787842	-9.635050511293173e-05	0.09699621974463364	9.635050511293173e-05	1.0000120218787842	-0.14971087910257447
273	0.9999704405569774	-8.78760443224145e-05	0.03790114900564073	8.78760443224145e-05	0.9999704405569774	-0.10235788063633146
274	0.9999052512901383	-0.00011401781452219778	0.18471274207536698	0.00011401781452219778	0.9999052512901383	-0.16044905810961496
275	0.9998436159011681	-6.318575611181534e-05	0.25762079142098737	6.318575611181534e-05	0.9998436159011681	-0.1110893911101862
276	0.9997992251909217	0.00010641370427182872	0.28747938293819914	-0.00010641370427182872	0.9997992251909217	0.09911829900893257
277	0.9997200429016504	8.317789309237298e-05	0.3277932640912542	-8.317789309237298e-05	0.9997200429016504	0.06030507401981857
278	0.9998027559246233	-0.0001241922715892781	0.16328346415617617	0.0001241922715892781	0.9998027559246233	-0.13574380224503466
279	0.9998265974086031	-4.5749290319547853e-05	0.18348819453079587	4.5749290319547853e-05	0.9998265974086031	-0.03124045406968499
280	0.9998656836730718	-6.740026141347948e-05	0.12705870810646777	6.740026141347948e-05	0.9998656836730718	-0.04563096308548586
281	0.9997995264186171	-0.00013041300780346795	0.11853735093484558	0.00013041300780346795	0.9997995264186171	-0.0584486982137955
282	0.9998977363108644	-0.00018310571953924804	-0.053353178837712185	0.00018310571953924804	0.9998977363108644	-0.08193179329480375
283	0.9998012539108204	-0.00015871407471612035	0.2052206382776698	0.00015871407471612035	0.9998012539108204	-0.08738237171626428
284	0.999859952291213	-0.00014091180358421032	0.13076744493153392	0.00014091180358421032	0.999859952291213	-0.10809563409797018
285	0.9998435423726865	-0.00011341813662437317	0.1326987928214991	0.00011341813662437317	0.9998435423726865	-0.101002266788498
286	0.9998517040799617	-0.00011031728377187908	0.10529400062180105	0.00011031728377187908	0.9998517040799617	-0.09769346951506631
287	0.9998129501507644	-0.00010007892399857804	0.12970001904944178	0.00010007892399857804	0.9998129501507644	-0.08907146297665786
288	0.9998428786720645	-0.00011057770831875593	0.10237558864468882	0.00011057770831875593	0.9998428786720645	-0.07346293172037796
289	0.9998097268589746	-9.114472280769066e-05	0.13792293721577387	9.114472280769066e-05	0.9998097268589746	0.02656170302811422
290	0.9998690108027285	-4.885411350286286e-05	-0.0006997465687060347	4.885411350286286e-05	0.9998690108027285	0.15265021819043
291	0.9999276671974144	-2.739270554123279e-05	-0.08589796524573373	2.739270554123279e-05	0.9999276671974144	0.1668758704056252
292	0.9999064516691875	-4.444456388833775e-06	-0.09764656171004388	4.444456388833775e-06	0.9999064516691875	0.16288960702666033
293	0.9998809693509001	9.867726241203498e-05	0.031041759877151603	-9.867726241203498e-05	0.9998809693509001	0.19337886796301995
294	0.9999249491164575	5.6028325205023785e-05	-0.0030630398909194945	-5.6028325205023785e-05	0.9999249491164575	0.09293112380303592
295	0.9998227339341829	0.00014616725910939873	0.0020836664363942372	-0.00014616725910939873	0.9998227339341829	0.23701473757082103
296	0.9998520243220915	0.0001821698175163377	-0.0002081559095131458	-0.0001821698175163377	0.9998520243220915	0.2910022707150567
297	0.9998879762295731	1.1009260123944061e-05	-0.04871962936477856	-1.1009260123944061e-05	0.9998879762295731	0.05870877510770392
298	0.9998973910869026	-9.211207042856135e-05	-0.1037214186733949	9.211207042856135e-05	0.9998973910869026	-0.09518971807292358
299	0.9999402035375435	-0.00011758038690818039	-0.07062077570702774	0.00011758038690818039	0.9999402035375435	-0.12145600908027016
300	0.9999831190268055	-0.00010337155890214651	-0.07830321162348841	0.00010337155890214651	0.9999831190268055	-0.08490643194553969
301	0.9999449184296859	-0.00016799351949076322	-0.054786078817084825	0.00016799351949076322	0.9999449184296859	-0.1584676214696881
302	0.9999006197993798	-0.0004082845570845694	-0.08330232130033517	0.0004082845570845694	0.9999006197993798	-0.45178925657049135
303	0.9998876962344334	-0.0003855703864843788	-0.08695721830142371	0.0003855703864843788	0.9998876962344334	-0.4294583339988863
304	0.9999181266005251	-0.0003436847024292251	-0.1332302292594742	0.0003436847024292251	0.9999181266005251	-0.37591060131727155
305	0.9999961170673694	-0.00017177327131852985	-0.1715129584767258	0.00017177327131852985	0.9999961170673694	-0.15879019499402625
306	1.0000703816423595	-9.08418869933366e-05	-0.23007188717391686	9.08418869933366e-05	1.0000703816423595	-0.050708622686379955
307	1.0001019859047513	-6.574034276384537e-05	-0.24429488610031333	6.574034276384537e-05	1.0001019859047513	0.02669912969648598
308	1.0001187564756129	-8.656663064388406e-05	-0.230893889014393	8.656663064388406e-05	1.0001187564756129	0.05250223790655484
309	1.000144708447454	-0.00012495989247349255	-0.23137828747587125	0.00012495989247349255	1.000144708447454	-0.0041789590849046765
310	1.0001231779598654	-0.00017013482074786432	-0.23407542170223505	0.00017013482074786432	1.0001231779598654	-0.09622319882279143
311	1.0001160623642051	-0.00021669668199164138	-0.30482523372617737	0.00021669668199164138	1.0001160623642051	-0.15657843655344617
312	1.0002573463348454	-0.0002484387891929483	-0.38020639903397213	0.0002484387891929483	1.0002573463348454	-0.23827775332179923
313	1.000058161111589	-0.00013096769073632242	-0.12247651979369809	0.00013096769073632242	1.000058161111589	-0.10978617597891283
314	1.0000295462875854	-9.673605523365217e-05	-0.05256705476510348	9.673605523365217e-05	1.0000295462875854	-0.10564189460356548
315	1.000102891781467	-0.00027347388290846605	-0.17360308714237763	0.00027347388290846605	1.000102891781467	-0.3279507295225015
316	1.0000597457459688	-0.00018587083017428563	-0.12972481984992051	0.00018587083017428563	1.0000597457459688	-0.31703155662009874
317	1.0000284479473074	-8.25195280387183e-05	-0.12035616345532008	8.25195280387183e-05	1.0000284479473074	-0.3519456694495626
318	1.000043327304068	7.217357543133088e-05	-0.13125457799891835	-7.217357543133088e-05	1.000043327304068	-0.13520156877354744
319	1.0000947154977724	4.6979299510724326e-05	-0.1609614378960771	-4.6979299510724326e-05	1.0000947154977724	-0.01773019178740043
320	1.000117287054323	3.160529907774389e-05	-0.19897247886095537	-3.160529907774389e-05	1.000117287054323	0.000985639670003035
321	1.0000333781043496	0.00010651555203674789	-0.15804221583763828	-0.00010651555203674789	1.0000333781043496	0.038451278320355026
322	0.999974204550563	6.914045875585866e-05	-0.0971579046597564	-6.914045875585866e-05	0.999974204550563	-0.008599088901212089
323	0.9998876349923883	4.3281169987284144e-05	-0.02435732346345884	-4.3281169987284144e-05	0.9998876349923883	-0.034047965645604326
324	0.9997920667184629	6.859981990140867e-05	-0.010906506699907892	-6.859981990140867e-05	0.9997920667184629	7.854953720071167e-05
325	0.9997307864931287	-9.944738220200638e-06	0.01377805683983966	9.944738220200638e-06	0.9997307864931287	0.061831506518334134
326	0.9998559598372889	7.149414719259282e-05	-0.005526744101768455	-7.149414719259282e-05	0.9998559598372889	0.06580973974705348
327	0.9997858214238051	3.5097855852705505e-05	0.030728153540649852	-3.5097855852705505e-05	0.9997858214238051	0.06887233461391981
328	0.9998443674004557	3.28392007852846e-05	0.08164866654203626	-3.28392007852846e-05	0.9998443674004557	-0.01970634738451539
329	0.9996699543622333	6.906357073329123e-05	0.19201421639451965	-6.906357073329123e-05	0.9996699543622333	-0.06035641237922422
330	0.9996873125899185	0.0001459753920206724	0.1723941821707784	-0.0001459753920206724	0.9996873125899185	0.014336104362649559
331	0.9997087804076523	0.00012261333116370146	0.12530589614524767	-0.00012261333116370146	0.9997087804076523	0.0017517588706134762
332	0.9997478501753154	0.00017011601417968173	0.0514522380097009	-0.00017011601417968173	0.9997478501753154	0.03158667346812294
333	0.9997873238085028	0.0002065097040929866	0.11179935028719516	-0.0002065097040929866	0.9997873238085028	0.17510002880671663
334	0.9997561685798575	0.00019453360602024905	0.1158771525078528	-0.00019453360602024905	0.9997561685798575	0.17569913421688166
335	0.9998873994287614	8.927983860317361e-05	0.036190966782621355	-8.927983860317361e-05	0.9998873994287614	0.08623657613172357
336	0.9997175008059138	0.0002203540433341008	0.09443145856989682	-0.0002203540433341008	0.9997175008059138	0.25507435458233974
337	0.9998666254205905	0.0002628597641774721	-0.07441109430582196	-0.0002628597641774721	0.9998666254205905	0.324053349068172
338	1.000110493383758	0.00037501457010636957	-0.263918947575502	-0.00037501457010636957	1.000110493383758	0.502611816142679
339	1.000014326728447	0.000207957858396991	-0.21960906700596552	-0.000207957858396991	1.000014326728447	0.28837395172495284
340	0.9998310583284182	4.145139153902751e-05	-0.025597744986204096	-4.145139153902751e-05	0.9998310583284182	0.05893611314339364
341	0.9998299053530997	2.7245203216123733e-06	0.01261267574457271	-2.7245203216123733e-06	0.9998299053530997	0.014923797490521995
342	0.9999391967640626	-4.0956430790440625e-05	0.024952742083616364	4.0956430790440625e-05	0.9999391967640626	-0.024865317639151563
343	0.9997288782087905	-4.2811876555904596e-05	0.09925238414327718	4.2811876555904596e-05	0.9997288782087905	0.0023077520223911707
344	0.999764502438467	7.68724931093974e-06	0.10556490850827151	-7.68724931093974e-06	0.999764502438467	0.041334678074576324
345	0.9997691948734085	3.7838084278718864e-05	0.10846631504621872	-3.7838084278718864e-05	0.9997691948734085	0.06987494026472474
346	0.9997289036348617	4.4596404262521074e-05	0.13226600155084323	-4.4596404262521074e-05	0.9997289036348617	0.06680343500823405
347	0.999654946541427	1.3155158246223437e-05	0.2345731987201966	-1.3155158246223437e-05	0.999654946541427	0.05634224960889173
348	0.9997263743416139	9.518049911729653e-05	0.16350613482630394	-9.518049911729653e-05	0.9997263743416139	0.11190925395831455
349	0.9999207743271077	4.561471286706857e-05	0.03133073083312243	-4.561471286706857e-05	0.9999207743271077	0.04242072300838784
350	0.999807034724026	0.00021567372860502217	0.08038054062656153	-0.00021567372860502217	0.999807034724026	0.22067924097899733
351	0.9998311679584927	0.0002659418284525465	0.05573225636450612	-0.0002659418284525465	0.9998311679584927	0.2762982573640479
352	0.9998293140067636	0.00027661178333593644	0.045364161913731826	-0.00027661178333593644	0.9998293140067636	0.3091862960560565
353	0.999869144048271	0.0001341973858053399	0.051386332923110484	-0.0001341973858053399	0.999869144048271	0.19196776850928043
354	0.9998798170217963	0.0002892729783554363	-0.13211803398683405	-0.0002892729783554363	0.9998798170217963	0.3681558179764819
355	0.9999180174900897	0.0002728576980164394	-0.10383484608664784	-0.0002728576980164394	0.9999180174900897	0.3255743210851709
356	0.9999228305746171	5.980454788409703e-05	0.005983575073081686	-5.980454788409703e-05	0.9999228305746171	0.06567347879512976
357	0.999824478252371	0.0003017861798069259	-0.007490669457661628	-0.0003017861798069259	0.999824478252371	0.3333031515302316
358	0.9998278417791543	0.00011206456764122484	0.06572341151279813	-0.00011206456764122484	0.9998278417791543	0.08019002239066383
359	0.9997343745290046	0.00021771727530321908	0.1234854410708647	-0.00021771727530321908	0.9997343745290046	0.19249401760116902
360	0.9997933339455823	0.0002171983117284163	0.09534512515452769	-0.0002171983117284163	0.9997933339455823	0.19055253073189696
361	0.9997386464909546	0.00022673573755685315	0.11987437621043417	-0.00022673573755685315	0.9997386464909546	0.21971147866595164
362	0.9997563603582891	0.00019741693570087825	0.15292673754559366	-0.00019741693570087825	0.9997563603582891	0.16562803802641707
363	0.9997620082183014	0.0001741795555517183	0.15906197538513703	-0.0001741795555517183	0.9997620082183014	0.17783342825101037
364	0.9997327194697977	0.00017107863255829038	0.19642550822708377	-0.00017107863255829038	0.9997327194697977	0.21009369274351142
365	0.999608189956024	0.000220229665950876	0.2672768215049094	-0.000220229665950876	0.999608189956024	0.3244690278623065
366	0.999733735930399	0.00010664543972903283	0.1453512118795006	-0.00010664543972903283	0.999733735930399	0.20697534865813783
367	0.9997039172262288	0.00010666764779046535	0.1760831286312189	-0.00010666764779046535	0.9997039172262288	0.26049139366589613
368	0.9996160568611032	0.00012528815507027437	0.20123847369077746	-0.00012528815507027437	0.9996160568611032	0.3528883471237548
369	0.9999561943368304	6.783925638591742e-06	0.02402033270059098	-6.783925638591742e-06	0.9999561943368304	0.043686868711807936
370	0.9998381274506339	3.847139478909433e-05	0.07864878860227842	-3.847139478909433e-05	0.9998381274506339	0.19230628104438216
371	0.99983385604513	3.643247517147801e-05	0.07390602789356415	-3.643247517147801e-05	0.99983385604513	0.1793350368597373
372	0.9997738965225069	6.923114773455923e-05	0.07862825843737341	-6.923114773455923e-05	0.9997738965225069	0.1702220858246497
373	0.9996870951082458	0.00010632189610596714	0.09231527927509431	-0.00010632189610596714	0.9996870951082458	0.20177706401818143
374	0.9997973561472352	4.004672210719171e-05	0.09464230513546104	-4.004672210719171e-05	0.9997973561472352	0.10437404073068213
375	0.9996972267895415	6.921442070612549e-05	0.1400612579325229	-6.921442070612549e-05	0.9996972267895415	0.15843495407756647
376	0.9998330953972627	-2.591290603725369e-07	0.07939807566431265	2.591290603725369e-07	0.9998330953972627	0.06284502241803788
377	0.9999108543985576	-3.4996545699128004e-06	0.046748580236123424	3.4996545699128004e-06	0.9999108543985576	0.03787235383887229
378	0.999672557389922	4.3206811284690665e-05	0.13023582886088153	-4.3206811284690665e-05	0.999672557389922	0.16123636466284075
379	0.9998151806298925	1.187953028237228e-05	0.06064638342136469	-1.187953028237228e-05	0.9998151806298925	0.08306457356220953
380	0.999815355149191	1.3698409364163312e-05	0.06412418703106024	-1.3698409364163312e-05	0.999815355149191	0.09190866604029216
381	0.9997384701795304	1.1426771332910536e-05	0.07612922835372468	-1.1426771332910536e-05	0.9997384701795304	0.11595983318198815
382	0.9996012504746751	8.305680076467301e-05	0.11712636731396066	-8.305680076467301e-05	0.9996012504746751	0.17949283195055926
383	0.9997476598448186	3.8924873896778125e-05	0.060455502113420156	-3.8924873896778125e-05	0.9997476598448186	0.09720126527023061
384	0.9997668598102034	5.107388930469257e-05	0.08556838222837074	-5.107388930469257e-05	0.9997668598102034	0.08595388182125085
385	0.9997062324412168	0.00010194218067708464	0.15511257284832156	-0.00010194218067708464	0.9997062324412168	0.16090648551919032
386	0.9995848168363439	0.0002212237901302512	0.2367279637443116	-0.0002212237901302512	0.9995848168363439	0.2739279327115038
387	0.9997534824868097	0.00011248013586762555	0.09934911336506391	-0.00011248013586762555	0.9997534824868097	0.16068473205199954
388	0.9997824291359111	0.00013624671183241598	0.04346478031240106	-0.00013624671183241598	0.9997824291359111	0.17345234429930179
389	0.9998535114757564	2.3849247890728176e-05	0.004441830033133698	-2.3849247890728176e-05	0.9998535114757564	0.0164447746454478
390	0.9999583798243907	1.0845382348281151e-05	0.01203328982793221	-1.0845382348281151e-05	0.9999583798243907	0.00841944630422999
391	0.9998168775870748	6.786334038347012e-05	0.027631424704088928	-6.786334038347012e-05	0.9998168775870748	0.07513783029730992
392	0.9997743903891828	3.88373659954279e-05	0.0684491599114851	-3.88373659954279e-05	0.9997743903891828	0.0652141878189001
393	0.9995097994642359	0.00014899880942215182	0.11807027612500821	-0.00014899880942215182	0.9995097994642359	0.22784151345428805
394	0.9998943218851051	0.00012355691723333088	0.012980374259274651	-0.00012355691723333088	0.9998943218851051	0.07649632543281283
395	0.9998996486769884	0.00012910754489545324	0.021051240885377354	-0.00012910754489545324	0.9998996486769884	0.0647174587464856
396	0.9999415338653471	9.200410110249901e-05	0.035926906777993414	-9.200410110249901e-05	0.9999415338653471	0.04230897314306596
397	0.9999495834205292	4.013113891953813e-05	0.02642941362317343	-4.013113891953813e-05	0.9999495834205292	0.027288267780079888
398	0.9999511445319574	0.00015338360760110253	0.047090652223878364	-0.00015338360760110253	0.9999511445319574	0.04778068425701501
399	0.9999995514044323	0.0001073841128289644	0.05522105263890208	-0.0001073841128289644	0.9999995514044323	0.018143505513298408
400	0.9999834088353209	0.00012162836546127784	0.028266090292904802	-0.00012162836546127784	0.9999834088353209	0.032971453142277944
401	1.0000498515265386	9.711284849515456e-05	0.0598729138333635	-9.711284849515456e-05	1.0000498515265386	-0.019183588162130193
402	1.0000615767267689	7.440943103416309e-05	0.05222158977240652	-7.440943103416309e-05	1.0000615767267689	-0.012173615029889406
403	1.0000662308256028	6.597610461174158e-05	0.023547796344374268	-6.597610461174158e-05	1.0000662308256028	-0.03219822362291279
404	1.0000858349519017	6.597138174345185e-05	0.02518627274228291	-6.597138174345185e-05	1.0000858349519017	-0.06253048236760614
405	1.000095796283609	4.999092818987918e-05	0.02108873148548597	-4.999092818987918e-05	1.000095796283609	-0.05566296392667969
406	1.000106682891745	5.699375189135384e-05	0.02276062146878212	-5.699375189135384e-05	1.000106682891745	-0.026246544809253453
407	1.0000913975604548	7.285093580213759e-05	-0.0009164553721708148	-7.285093580213759e-05	1.0000913975604548	-0.0376342304653433
408	1.0001631703138445	0.00011931058144848414	-0.03610947711845188	-0.00011931058144848414	1.0001631703138445	-0.058560528734268924
409	1.000049284699065	8.287602268017367e-05	-0.04394232690548483	-8.287602268017367e-05	1.000049284699065	0.02023485401416103
410	1.0000428475187313	3.5779240263019235e-05	-0.03398544220669679	-3.5779240263019235e-05	1.0000428475187313	0.007819360312783075
411	1.000005322158885	5.2743536978296145e-06	-0.009907167642019016	-5.2743536978296145e-06	1.000005322158885	0.00258155055416167
412	1.0000400847256943	2.5652377065255543e-05	-0.04253130104583513	-2.5652377065255543e-05	1.0000400847256943	0.021278876942734278
413	1.0000180704075017	1.5157460023163018e-05	-0.07550675527493457	-1.5157460023163018e-05	1.0000180704075017	0.0022591777829297915
414	1.0000574432157798	-6.690947761289561e-05	-0.08478174839983647	6.690947761289561e-05	1.0000574432157798	-0.08814032829738505
415	1.0000016300359758	-3.032331811190898e-05	-0.03001146223091549	3.032331811190898e-05	1.0000016300359758	-0.04470284964522313
416	1.0000049725711968	-5.541368071978206e-05	-0.05756422699564944	5.541368071978206e-05	1.0000049725711968	-0.03864092531968571
417	0.9999950008451335	-3.256719407935946e-05	-0.0547112432421433	3.256719407935946e-05	0.9999950008451335	-0.02999626170513308
418	0.9999433215870657	-6.162709504059028e-05	-0.025817677760145097	6.162709504059028e-05	0.9999433215870657	-0.06371008579482906
419	0.9999488715238594	-6.190093220585107e-05	-0.03784990974638891	6.190093220585107e-05	0.9999488715238594	-0.04786750099967321
420	0.9999353433954613	-6.898013731348367e-05	-0.0029223237517633227	6.898013731348367e-05	0.9999353433954613	-0.026579135292037658
421	0.9999157122477638	-1.3488827510119595e-05	0.011331901806887701	1.3488827510119595e-05	0.9999157122477638	0.033557968647920156
422	0.9998675993499505	-2.4826831783960918e-05	0.1363445639333074	2.4826831783960918e-05	0.9998675993499505	0.13377662266371143
423	1.0000954706798137	-8.136207817851712e-05	0.02014638960684806	8.136207817851712e-05	1.0000954706798137	0.043253259763672364
424	1.0000108947429003	-2.0757708556201886e-05	0.001474336001113248	2.0757708556201886e-05	1.0000108947429003	-0.01024249047336864
425	1.000112151165818	-0.00015776039101983154	-0.008410485936689754	0.00015776039101983154	1.000112151165818	-0.06353755938735342
426	1.0001181987244134	-0.00014102567417622372	-0.013062370997363496	0.00014102567417622372	1.0001181987244134	-0.06524062550949433
427	1.000126027911885	-0.00015548646372193537	0.05556131538996905	0.00015548646372193537	1.000126027911885	-0.027450379350803043
428	1.0001126219913847	-7.876825129194938e-05	0.13484292646058682	7.876825129194938e-05	1.0001126219913847	0.041964305655705275
429	1.000188872922479	-0.0001573757112422145	0.11514694817613776	0.0001573757112422145	1.000188872922479	0.03039495379884118
430	1.000224834153727	-0.00019435201707069068	0.11158201280672045	0.00019435201707069068	1.000224834153727	0.027378329737056062
431	0.9999904493356373	-2.1188966401861423e-05	0.023101024743715337	2.1188966401861423e-05	0.9999904493356373	1.2925112957695717e-05
432	1.0003137783491176	-0.00019103436621100632	0.07133835022520126	0.00019103436621100632	1.0003137783491176	0.0398331252108845
433	1.0004545131064426	-0.00013143706483807125	0.020044957073220748	0.00013143706483807125	1.0004545131064426	0.01675062193525818
434	1.0002326829350277	-6.668361953473495e-05	0.00302828217081446	6.668361953473495e-05	1.0002326829350277	0.08727139131048489
435	1.0001985683994679	-9.015309332677933e-05	-0.020299093232601834	9.015309332677933e-05	1.0001985683994679	0.03552191813518169
436	1.0002842333235393	-0.00011916394111552065	-0.009211166015526885	0.00011916394111552065	1.0002842333235393	0.05932264603044511
437	1.0001409342333973	-8.414984459101903e-05	-0.0009183429429264756	8.414984459101903e-05	1.0001409342333973	0.018364408436700952
438	1.0000728405294008	-0.00011761903987651917	0.05618782001688025	0.00011761903987651917	1.0000728405294008	-0.012454122365416152
439	1.000123559929106	-0.0002094287610534313	0.08839474667958734	0.0002094287610534313	1.000123559929106	-0.04524009977701674
440	0.9999990724236513	-0.00020450931974041732	0.06486198613784325	0.00020450931974041732	0.9999990724236513	-0.0156503373876154
441	0.9999728373800905	-0.00018667910774689488	0.045273106262869955	0.00018667910774689488	0.9999728373800905	0.0004807855565645558
442	0.9999365515399952	-0.00015838572007456582	0.05818347003800517	0.00015838572007456582	0.9999365515399952	0.009832379780650588
443	0.9999036352764139	-0.00021354766345253116	0.10835374903300998	0.00021354766345253116	0.9999036352764139	0.07162291994444514
444	0.9998435375485345	-2.248722171284173e-05	0.10700654092919397	2.248722171284173e-05	0.9998435375485345	0.06953303755670574
445	0.9999636891475463	5.1635547366243e-06	0.02972960913120925	-5.1635547366243e-06	0.9999636891475463	0.01964274424243208
446	0.9998693933723901	-9.031976831876918e-05	0.1501604486394439	9.031976831876918e-05	0.9998693933723901	0.0320243413848167
447	0.999764505818266	-1.6062639550594998e-05	0.22674805484040605	1.6062639550594998e-05	0.999764505818266	0.03768112308455258
448	0.9997787465772473	3.9142997492462936e-05	0.14898930165369015	-3.9142997492462936e-05	0.9997787465772473	0.05892944293506616
449	0.9997838275112124	4.523821080475522e-05	0.0474223368266457	-4.523821080475522e-05	0.9997838275112124	0.031458874245353784
450	0.9997457168839557	2.8542614616700503e-05	0.056661245923014115	-2.8542614616700503e-05	0.9997457168839557	0.04194879736155652
451	0.9998267779335955	4.7474565689835727e-05	0.02888691002491134	-4.7474565689835727e-05	0.9998267779335955	0.03800354105945296
452	0.999989740415806	-1.6164936651435178e-05	0.01346865734579378	1.6164936651435178e-05	0.999989740415806	0.0033845285175754265
453	0.9998141782741833	-4.673195172485538e-05	0.1256091503551927	4.673195172485538e-05	0.9998141782741833	0.06368778986100397
454	0.9999304997970113	3.2320937827828e-05	0.005893310004939914	-3.2320937827828e-05	0.9999304997970113	0.044042955673851476
455	0.9999861371257118	2.43169703534617e-05	-0.008792156431635766	-2.43169703534617e-05	0.9999861371257118	0.012848973260575467
456	1.0000610393671474	4.120010523946831e-05	-0.0376526188468428	-4.120010523946831e-05	1.0000610393671474	-0.008218987642010053
457	1.0000505265604027	3.813989040393089e-05	-0.004704898516029704	-3.813989040393089e-05	1.0000505265604027	-0.015367776401758626
458	1.0000159395825583	5.3470688968490306e-05	0.015131873009117867	-5.3470688968490306e-05	1.0000159395825583	-0.009127476168984672
459	1.0000464742775073	1.9154641049103516e-05	0.04426823600099716	-1.9154641049103516e-05	1.0000464742775073	-0.01144197542228964
460	1.0000416633700864	-4.600656235514934e-06	0.046942340286561635	4.600656235514934e-06	1.0000416633700864	-0.02132384976862256
461	1.0001326113091944	1.3686016115953235e-05	0.07120255029559702	-1.3686016115953235e-05	1.0001326113091944	-0.07023983670882751
462	1.000157163605798	0.00014537219339603926	0.0006583697094608709	-0.00014537219339603926	1.000157163605798	-0.06482528663552123
463	1.0004089631193223	-0.00011054217571044068	0.045894952175289855	0.00011054217571044068	1.0004089631193223	-0.1615354680463708
464	1.0002093773241325	0.00030262932410605943	-0.06872242555730365	-0.00030262932410605943	1.0002093773241325	-0.06865422823202784
465	1.0002410722371295	0.0002999511769677596	-0.08535593951284842	-0.0002999511769677596	1.0002410722371295	-0.08880365461640016
466	1.000001015167984	3.3137106361502503e-06	-0.00031753756966175495	-3.3137106361502503e-06	1.000001015167984	0.0014947533141561218
467	1.0002526704917427	0.00029900798733456784	-0.07004243971401292	-0.00029900798733456784	1.0002526704917427	-0.08588561808175921
468	1.0005324333100405	0.00011800377862976163	0.010000064102085177	-0.00011800377862976163	1.0005324333100405	-0.1933034834580703
469	1.0002625455941732	6.085193575850111e-05	-0.04774274841791621	-6.085193575850111e-05	1.0002625455941732	-0.03512633447457141
470	1.000197972360729	-4.070547416309954e-05	-0.0033740254316667606	4.070547416309954e-05	1.000197972360729	-0.07404281553313008
471	1.000219050654759	-5.416549971486421e-05	-0.0034766750246200823	5.416549971486421e-05	1.000219050654759	-0.0787193048330922
472	1.0001502761047771	-9.67600729430473e-05	0.010787889229715322	9.67600729430473e-05	1.0001502761047771	-0.09512157348155274
473	1.0001381251250965	-7.685758466509244e-05	0.022953379853832376	7.685758466509244e-05	1.0001381251250965	-0.08933348642862318
474	1.0001668752482282	-7.471373726659154e-05	-0.005841525254430935	7.471373726659154e-05	1.0001668752482282	-0.09114384958355748
