0	1.0	0.0	0.0	0.0	1.0	0.0
1	1.0	-0.0	0.0	0.0	1.0	0.0
2	1.0007045526385072	-0.00016658045457351766	-0.876173711102882	0.00016658045457351766	1.0007045526385072	-0.22629153079301711
3	1.0000020441073258	2.710782021809667e-06	-0.00701045405547681	-2.710782021809667e-06	1.0000020441073258	-0.005719191283764642
4	1.0001130663221462	-1.1210525443171935e-05	-0.21854968419188112	1.1210525443171935e-05	1.0001130663221462	-0.03288400696419005
5	0.9998972112276701	-0.0002249746712218542	-0.3145349766105871	0.0002249746712218542	0.9998972112276701	-0.16412026915319913
6	1.0005305986047401	0.00017470511067013656	-0.6997518763550825	-0.00017470511067013656	1.0005305986047401	0.012961736133272991
7	1.0009120435629006	0.00018254162754391068	-0.9698130209377659	-0.00018254162754391068	1.0009120435629006	-0.01790215858047784
8	0.9999901630630086	7.841303303294157e-06	0.0010832796357186673	-7.841303303294157e-06	0.9999901630630086	0.00566432552148823
9	1.0002716086605012	0.0001694074170134193	-0.3760731175207884	-0.0001694074170134193	1.0002716086605012	0.0975993126926189
10	1.0005850851702411	0.0002168737646916124	-0.7289368499593261	-0.0002168737646916124	1.0005850851702411	0.049858647677422346
11	1.000547755174669	0.00022374642577501912	-0.7644564099520833	-0.00022374642577501912	1.000547755174669	-0.036347798647360194
12	1.0005805557472285	0.00025292944230283546	-0.6749323090092544	-0.00025292944230283546	1.0005805557472285	0.05939617984280274
13	0.9999948663701896	1.1502071010137069e-05	-0.005068438992702303	-1.1502071010137069e-05	0.9999948663701896	0.005094949112198257
14	1.0005726528242898	0.00010159455520018256	-0.5857340192957496	-0.00010159455520018256	1.0005726528242898	-0.035795180517061806
15	1.0006572117133592	0.00024655893958962314	-0.8413490758733686	-0.00024655893958962314	1.0006572117133592	0.0012796345391794528
16	1.0002029790265454	1.551718925409313e-05	-0.3113788275615845	-1.551718925409313e-05	1.0002029790265454	-0.08655582263923356
17	1.0004649892650028	1.6873085764068207e-06	-0.43467984772817786	-1.6873085764068207e-06	1.0004649892650028	-0.11808821078834386
18	0.9999954774133664	-3.05648997977164e-06	0.003976883407444874	3.05648997977164e-06	0.9999954774133664	-0.0034533420701982525
19	1.0002740084664234	5.0221008238489954e-05	-0.2372992131639546	-5.0221008238489954e-05	1.0002740084664234	-0.09798422072271334
20	1.000579034946195	0.00029108562610528563	-0.6096893417315132	-0.00029108562610528563	1.000579034946195	0.01809491400745196
21	1.0004863989401223	0.00022341605113633311	-0.5082870720794896	-0.00022341605113633311	1.0004863989401223	-0.04660688705690236
22	0.9999869094967021	-3.320072817630634e-05	-0.02984650270983119	3.320072817630634e-05	0.9999869094967021	-0.11009701459997355
23	1.0000008825034739	4.11656329538361e-06	-0.001042267848550717	-4.11656329538361e-06	1.0000008825034739	0.0015158378131879015
24	1.000543078368005	-4.8911642314002496e-05	-0.521953742121772	4.8911642314002496e-05	1.000543078368005	-0.24263281333942452
25	1.0007788871966712	0.00030120943866258866	-0.9238525715934325	-0.00030120943866258866	1.0007788871966712	0.03498903931617648
26	1.0007801039774287	0.0002151790231762222	-0.8689563205131225	-0.0002151790231762222	1.0007801039774287	-0.009883451406370203
27	1.0010982389256442	0.00013421351182735068	-1.0761487905875806	-0.00013421351182735068	1.0010982389256442	-0.1774544083192261
28	1.0007715170848643	0.00010350983068065451	-0.8181359811424347	-0.00010350983068065451	1.0007715170848643	-0.1240235171288856
29	1.0008598666300799	0.0001752429805016872	-0.8080858179891529	-0.0001752429805016872	1.0008598666300799	-0.09854795373005185
30	1.000808828811655	0.00027323651993838016	-0.7410746078159576	-0.00027323651993838016	1.000808828811655	0.021752146988341145
31	1.000765875932646	0.00019825067246687265	-0.6826477296630666	-0.00019825067246687265	1.000765875932646	0.04271590666809021
32	1.0009334112627215	5.526352066671805e-05	-0.7039269199064397	-5.526352066671805e-05	1.0009334112627215	-0.18880373213536744
33	1.0012028165372098	0.0001435417229549837	-0.9240207844490995	-0.0001435417229549837	1.0012028165372098	-0.11451284621851698
34	1.0009563095259444	0.00036655366615686463	-0.7807575952869598	-0.00036655366615686463	1.0009563095259444	0.04841734687051859
35	1.0007447559120075	0.0002309568034649212	-0.6225329589761177	-0.0002309568034649212	1.0007447559120075	0.09120725325996905
36	1.0005801669189753	0.0001713656036342903	-0.5110516224152976	-0.0001713656036342903	1.0005801669189753	0.011398892114094832
37	1.0008437508347454	8.585543362561329e-05	-0.7416704959813812	-8.585543362561329e-05	1.0008437508347454	-0.17443725456848214
38	1.0005612172197356	4.742973761291927e-06	-0.485755185849049	-4.742973761291927e-06	1.0005612172197356	-0.07205367243660382
39	1.0005590165818445	1.4915399539607743e-05	-0.4661351931233263	-1.4915399539607743e-05	1.0005590165818445	-0.06626960834350198
40	1.0006117363958429	0.00017628103296378863	-0.4898150953422515	-0.00017628103296378863	1.0006117363958429	0.02241424540149763
41	1.000354607373079	0.00025766610505811383	-0.37499249175145566	-0.00025766610505811383	1.000354607373079	0.2740463501824945
42	1.0006256593866452	0.0007269746948110653	-0.7638615828033337	-0.0007269746948110653	1.0006256593866452	0.44243494958327273
43	1.0004170337619898	0.0003229143931569745	-0.4445824962077265	-0.0003229143931569745	1.0004170337619898	0.1803555327474527
44	1.00021127547733	1.961942732115266e-05	-0.29784905136059847	-1.961942732115266e-05	1.00021127547733	0.0444657927886179
45	1.0000339628661308	-0.0001226006629265354	-0.1634962534143817	0.0001226006629265354	1.0000339628661308	0.03713889408807753
46	1.0000035119402741	-2.6242418581469677e-05	-0.10491579286761923	2.6242418581469677e-05	1.0000035119402741	0.08256522037138682
47	1.000331522147967	0.0003398503978839419	-0.36128727819007744	-0.0003398503978839419	1.000331522147967	0.2470523025173389
48	1.000258789132913	0.0003631140468166814	-0.2608303177601726	-0.0003631140468166814	1.000258789132913	0.17638271243782375
49	1.000348876358043	0.0005924969777096729	-0.3734899259988978	-0.0005924969777096729	1.000348876358043	0.44015322643137517
50	1.0002893296543016	0.00027925646663449425	-0.30732743629708636	-0.00027925646663449425	1.0002893296543016	0.18977982369166213
51	1.000090758473003	0.00027110172386946973	-0.11012628761225443	-0.00027110172386946973	1.000090758473003	0.23822542088081775
52	1.0001717656226925	0.0002876668914494775	-0.30565387506803177	-0.0002876668914494775	1.0001717656226925	0.230208448463866
53	0.9998382975091467	0.0002634856871185786	0.06947506096710214	-0.0002634856871185786	0.9998382975091467	0.25144799595119427
54	0.9997134332206614	0.00012416773612983163	0.12872079710065074	-0.00012416773612983163	0.9997134332206614	0.20400768543299394
55	0.9997622373974578	0.00020330227905599003	0.11191146298641465	-0.00020330227905599003	0.9997622373974578	0.24821676324079808
56	0.9999478089157289	0.00036392647838051764	-0.009434712001451025	-0.00036392647838051764	0.9999478089157289	0.32548400860434096
57	0.9997205078922867	0.0004322331555152567	0.15652356869077297	-0.0004322331555152567	0.9997205078922867	0.5200003734851752
58	0.9998541021201659	0.000255753174520716	0.03607881091346691	-0.000255753174520716	0.9998541021201659	0.27343068950648114
59	0.9997864504083857	0.00034426957141521475	0.10801112188030758	-0.00034426957141521475	0.9997864504083857	0.3447599414997073
60	0.999676428853453	0.00032178138212046313	0.2375997019721458	-0.00032178138212046313	0.999676428853453	0.35191555740671315
61	0.9996487759258046	0.00047625048669208643	0.21162898727684612	-0.00047625048669208643	0.9996487759258046	0.4823206516299526
62	0.9996981827858913	9.773189282493706e-05	0.19342374851713848	-9.773189282493706e-05	0.9996981827858913	0.22313666652875622
63	0.999223875031505	0.0002869461004947365	0.48410107900036053	-0.0002869461004947365	0.999223875031505	0.39665849117218616
64	0.9993858838998751	0.0003043739079683458	0.3475605328282133	-0.0003043739079683458	0.9993858838998751	0.43327861870061846
65	0.9995488814600861	0.0003002311659600642	0.18667441156206913	-0.0003002311659600642	0.9995488814600861	0.39054765938881547
66	0.9995109608871547	0.0004997507195032478	0.144075087494827	-0.0004997507195032478	0.9995109608871547	0.5721007753711562
67	1.0000110994225226	-5.592517031195027e-05	-0.23583748607632044	5.592517031195027e-05	1.0000110994225226	0.09787853410954883
68	0.999384094659753	0.0001542618772208554	0.40298321875813037	-0.0001542618772208554	0.999384094659753	0.29334490826002463
69	0.9993774282830566	0.0004892741279960552	0.30472666480708377	-0.0004892741279960552	0.9993774282830566	0.5763336038867646
70	0.9993176926267321	0.0004851366432686803	0.47123461272514394	-0.0004851366432686803	0.9993176926267321	0.5222657262459468
71	0.9993671414449726	0.0006255312191260939	0.44987457272780534	-0.0006255312191260939	0.9993671414449726	0.5966784472120426
72	0.9995901515198331	0.0004417672049013207	0.28228093789696873	-0.0004417672049013207	0.9995901515198331	0.4234148540146846
73	0.9994332797330434	0.00035012663637262796	0.410464120539494	-0.00035012663637262796	0.9994332797330434	0.4308678644532062
74	0.9998436093441002	2.9968862538084747e-05	0.12025002464384996	-2.9968862538084747e-05	0.9998436093441002	0.22132805325239308
75	0.999256506111631	0.0007318342756375925	0.6724308405683703	-0.0007318342756375925	0.999256506111631	0.776926141595865
76	0.9994481327002458	0.00047271624192130436	0.3969743372989135	-0.00047271624192130436	0.9994481327002458	0.6156106537770042
77	0.999319499987216	0.00035020543412660145	0.4955498957211047	-0.00035020543412660145	0.999319499987216	0.45508192019538735
78	0.9993783293659991	0.00041072960200042036	0.42161837847175193	-0.00041072960200042036	0.9993783293659991	0.5219051361759535
79	0.9995334290322642	0.00032339310207535376	0.3322389692160309	-0.00032339310207535376	0.9995334290322642	0.47503721393837123
80	0.999508269748748	0.0002500827451328187	0.41762848690235677	-0.0002500827451328187	0.999508269748748	0.3628248455940308
81	0.9995250762701166	0.00031759795314266373	0.4622059225605208	-0.00031759795314266373	0.9995250762701166	0.37406614390534726
82	0.999563182894087	0.0003115164304316898	0.3699127668822847	-0.0003115164304316898	0.999563182894087	0.3397717395319001
83	0.9994672424141845	0.00016772249442211306	0.45355500373538293	-0.00016772249442211306	0.9994672424141845	0.19792031224201875
84	0.9996359211559952	0.0002133875963272499	0.3863057842103954	-0.0002133875963272499	0.9996359211559952	0.2582663641628497
85	0.9995802180337922	0.0003799661792007354	0.2683964943257271	-0.0003799661792007354	0.9995802180337922	0.4647230547698656
86	0.9995654321759457	0.0002397537950666352	0.26974090231276876	-0.0002397537950666352	0.9995654321759457	0.30133736728846383
87	0.9995370406514279	0.00022058345769121083	0.26006474693613973	-0.00022058345769121083	0.9995370406514279	0.3231301139010919
88	0.9992559030834065	0.00027516657174181906	0.4697317887909873	-0.00027516657174181906	0.9992559030834065	0.546995349300836
89	0.9998001513066215	-6.239647919619416e-05	-0.005589330956549954	6.239647919619416e-05	0.9998001513066215	0.16806793898533723
90	0.9998439310229037	0.00014209733458083625	-0.052707433824487726	-0.00014209733458083625	0.9998439310229037	0.2674905898855223
91	0.9998187920317122	0.00011252503214252577	-0.05325837799774241	-0.00011252503214252577	0.9998187920317122	0.20715841106057042
92	0.999913573486163	-7.331230013505707e-05	-0.12548084450537433	7.331230013505707e-05	0.999913573486163	0.05787282951783945
93	0.9999509487839474	-7.90929741445879e-05	-0.19779907520000375	7.90929741445879e-05	0.9999509487839474	0.05436934491964559
94	1.0001860460893557	0.0001930481697303436	-0.2281728106325156	-0.0001930481697303436	1.0001860460893557	0.2281120879061821
95	1.000084715452367	0.00020966491395624242	-0.3866673134802194	-0.00020966491395624242	1.000084715452367	0.2440210942755354
96	1.0001215181221061	0.00014223131180323648	-0.3314655575043889	-0.00014223131180323648	1.0001215181221061	0.15911151937869236
97	1.0001952055790917	0.00030255845187298133	-0.47511315810216836	-0.00030255845187298133	1.0001952055790917	0.2767883561602233
98	1.0002253436165909	0.00029318833099071574	-0.5819787082375032	-0.00029318833099071574	1.0002253436165909	0.2854426738923593
99	1.0001153480676437	0.0001873342551968889	-0.3258670014871608	-0.0001873342551968889	1.0001153480676437	0.20585958017369488
100	1.0002273364803638	0.00016829107990953276	-0.398335224872067	-0.00016829107990953276	1.0002273364803638	0.1569953891265937
101	1.0003579631390003	0.00023577430470869156	-0.5225171941683852	-0.00023577430470869156	1.0003579631390003	0.18884160654999843
102	1.000433815631213	0.0002240189142935266	-0.6052869296648802	-0.0002240189142935266	1.000433815631213	0.16020517216268004
103	1.0005128818443259	0.00015818194458596673	-0.652308275304049	-0.00015818194458596673	1.0005128818443259	0.09646841300955965
104	1.0001057723496107	0.0003335467997617845	-0.34833635494009574	-0.0003335467997617845	1.0001057723496107	0.3370799732139922
105	1.0001656160449	9.928731736908299e-05	-0.2942456674506134	-9.928731736908299e-05	1.0001656160449	0.20553916733142302
106	1.0001622463160629	3.03421064130405e-05	-0.27425078849799456	-3.03421064130405e-05	1.0001622463160629	0.14114398424534458
107	1.0001157816367863	5.407801171050837e-05	-0.2917835909936317	-5.407801171050837e-05	1.0001157816367863	0.17690968888334258
108	1.0000823869050852	4.0602816246049526e-05	-0.28412496257975406	-4.0602816246049526e-05	1.0000823869050852	0.21415971444808157
109	0.9993952123870341	-0.00013972464716856286	0.2950166881618614	0.00013972464716856286	0.9993952123870341	0.2024083101010939
110	0.9999286600067662	-5.376427282703688e-05	-0.08698762623491296	5.376427282703688e-05	0.9999286600067662	0.10279573163376789
111	1.0001586123893937	-0.00010819300642739479	-0.2594686220267588	0.00010819300642739479	1.0001586123893937	0.025714692054199337
112	0.9999604701465734	-0.0002591906745063121	-0.21590494671408003	0.0002591906745063121	0.9999604701465734	-0.041440647774873225
113	1.000039081879751	-0.0003538325696060149	-0.24642133926426746	0.0003538325696060149	1.000039081879751	-0.1696900325810098
114	1.0001697331534551	-0.00029268654951600286	-0.3657994429038253	0.00029268654951600286	1.0001697331534551	-0.1602333670082825
115	0.9996278537204889	-0.0002096068425156948	0.06472476657803067	0.0002096068425156948	0.9996278537204889	0.02922118729110424
116	1.0001991422284735	-0.00021926381324234034	-0.3651912275074925	0.00021926381324234034	1.0001991422284735	-0.09552883347716756
117	1.0002511673941963	-0.00026559773869950273	-0.39224983597669955	0.00026559773869950273	1.0002511673941963	-0.14792731719941304
118	1.0005289809907547	-0.0004999226655214078	-0.5299379641973799	0.0004999226655214078	1.0005289809907547	-0.2754624079605984
119	1.0005085073583546	-0.00038895476760884113	-0.4878688948135709	0.00038895476760884113	1.0005085073583546	-0.17464936230100228
120	1.0003091933779389	5.0293189226463804e-05	-0.5084759565441401	-5.0293189226463804e-05	1.0003091933779389	0.09365316677730594
121	1.0003544923775471	-0.0002462378432893304	-0.4566605269239912	0.0002462378432893304	1.0003544923775471	-0.12521734355766465
122	1.0002523295556216	-0.0002095902774603346	-0.3828503784089877	0.0002095902774603346	1.0002523295556216	-0.10837531825506039
123	1.000276782976025	-0.00012542359477224434	-0.43431376432992197	0.00012542359477224434	1.000276782976025	-0.05186897567698398
124	1.0002970070479484	-0.00010597408279231448	-0.4554225764705065	0.00010597408279231448	1.0002970070479484	-0.0735039835700064
125	1.0000615975540017	-0.00014139417141821874	-0.311356714233793	0.00014139417141821874	1.0000615975540017	-0.17591260660611968
126	1.0000403885486655	-0.0002998743528997707	-0.16873886203469007	0.0002998743528997707	1.0000403885486655	-0.23399666761096324
127	0.9999522467170691	-0.0004829922585569132	-0.12127960507995225	0.0004829922585569132	0.9999522467170691	-0.3300226242805735
128	1.0000724122840217	-0.0005814806606948739	-0.1759926336711244	0.0005814806606948739	1.0000724122840217	-0.409319652385017
129	1.0000019517851961	-0.0006132831046167142	-0.13636007652691595	0.0006132831046167142	1.0000019517851961	-0.4582336557432516
130	1.0000185559693888	-0.0003358323970292185	-0.21987293520789636	0.0003358323970292185	1.0000185559693888	-0.321232181603589
131	0.9999776870213438	-0.00039718216599238655	-0.0973809472694177	0.00039718216599238655	0.9999776870213438	-0.324671906379999
132	1.0000499335187774	-0.0004378961024248724	-0.09896255073945559	0.0004378961024248724	1.0000499335187774	-0.3694018594363344
133	0.9999756252197335	-0.0005641837484173124	-0.04740518400160587	0.0005641837484173124	0.9999756252197335	-0.4108540261317397
134	0.9997684478534354	-0.00046411899158493825	0.09774085502003355	0.00046411899158493825	0.9997684478534354	-0.29234154043819943
135	0.9997413415502411	-0.0006428616439226481	0.22826405483121492	0.0006428616439226481	0.9997413415502411	-0.5137917281394766
136	0.9997425480295385	-0.0004999407769875331	0.20277164551013385	0.0004999407769875331	0.9997425480295385	-0.3136266633789333
137	0.9996598082284169	-0.0005460515671333736	0.2728018950550465	0.0005460515671333736	0.9996598082284169	-0.36172647875478936
138	0.9997062886620783	-0.0005001316458142681	0.2648537872023409	0.0005001316458142681	0.9997062886620783	-0.3136608508906543
139	0.9996477567223226	-0.0004892858227603194	0.29280944309781803	0.0004892858227603194	0.9996477567223226	-0.2623539228732104
140	0.999535388867254	-0.00042567913605149374	0.37641188902585765	0.00042567913605149374	0.999535388867254	-0.2210101018755226
141	0.9997078724272621	-0.00044649362425891524	0.2110957702474736	0.00044649362425891524	0.9997078724272621	-0.2914637842374104
142	0.9996268780626996	-0.0005286856308055114	0.25550230559309944	0.0005286856308055114	0.9996268780626996	-0.3388489455323869
143	0.9998013277142677	-0.0005571915950864756	0.15113684200346553	0.0005571915950864756	0.9998013277142677	-0.39171777209925773
144	0.9999176474755652	-0.00047225080882725535	0.07018725880451601	0.00047225080882725535	0.9999176474755652	-0.36701669329059605
145	1.000192426702725	-0.00022172184645859725	-0.21370171674213925	0.00022172184645859725	1.000192426702725	-0.23815159244019965
146	1.0000076132653488	-0.000454780051484974	-0.007755243344136717	0.000454780051484974	1.0000076132653488	-0.39546422827656325
147	1.0000930522592082	-0.0005117980368765473	-0.06351882396766534	0.0005117980368765473	1.0000930522592082	-0.44803695539192917
148	1.0000662295604696	-0.0005187579447142952	-0.04993903362624773	0.0005187579447142952	1.0000662295604696	-0.4219184923128997
149	1.0000178848582064	-0.00043591048098017785	-0.024017116487239712	0.00043591048098017785	1.0000178848582064	-0.31981820269908334
150	1.0002202242716762	-0.0006299160688237085	-0.09549140118626004	0.0006299160688237085	1.0002202242716762	-0.5512009585338709
151	0.9999108594555832	-0.000576590652422526	0.03344410501127171	0.000576590652422526	0.9999108594555832	-0.3798601432078683
152	0.9998547575000134	-0.0004922652485249769	0.10134359497768439	0.0004922652485249769	0.9998547575000134	-0.32079904833822215
153	0.9999062359296487	-0.0004340772391243317	0.06499444307001534	0.0004340772391243317	0.9999062359296487	-0.26724802415920657
154	0.9998524999138492	-0.0003596748018750017	0.1274121475930995	0.0003596748018750017	0.9998524999138492	-0.18534693532385382
155	0.9997669803211333	-0.00043512552169920415	0.15953482972002447	0.00043512552169920415	0.9997669803211333	-0.19416955490577337
156	0.9998034450389628	-0.0005362133050974921	0.21836837804938095	0.0005362133050974921	0.9998034450389628	-0.3103696997705724
157	0.9998483984835617	-0.0006275524169366575	0.2063861156897828	0.0006275524169366575	0.9998483984835617	-0.38185270155937684
158	0.9997810263216411	-0.0005076051006953935	0.22189613659864413	0.0005076051006953935	0.9997810263216411	-0.28148500608960497
159	0.9997370943282465	-0.0005409230269038886	0.23847200743061672	0.0005409230269038886	0.9997370943282465	-0.2971953467306165
160	0.9994107282913451	-0.0004579712788103563	0.5058156370770848	0.0004579712788103563	0.9994107282913451	-0.1764724629883286
161	0.9996163145887459	-0.0005074376246338299	0.4249610239434493	0.0005074376246338299	0.9996163145887459	-0.23926089321568042
162	0.9995940344775345	-0.0005401642490702572	0.4820731141988358	0.0005401642490702572	0.9995940344775345	-0.2518774884764171
163	0.9996216303219283	-0.00044823651198742335	0.4430530128963987	0.00044823651198742335	0.9996216303219283	-0.20462944435487848
164	0.9995780687610616	-0.0005098423397454538	0.5135929404643598	0.0005098423397454538	0.9995780687610616	-0.2505099553599976
165	0.9998226487980604	-0.00043395970401575133	0.17354759574894218	0.00043395970401575133	0.9998226487980604	-0.2504100660999924
166	0.999647546209765	-0.0004052019012184928	0.4619700627618485	0.0004052019012184928	0.999647546209765	-0.20595668467003983
167	0.9996929415993866	-0.0003770545997815905	0.39348020033409487	0.0003770545997815905	0.9996929415993866	-0.20628130655015572
168	0.9997486788294937	-0.0003744256721485362	0.30136579862268825	0.0003744256721485362	0.9997486788294937	-0.1676432234810384
169	0.9997141109895616	-0.00029421603973394826	0.31854368866418914	0.00029421603973394826	0.9997141109895616	-0.12414441703164009
170	0.9996455252692691	-0.0002569081837407421	0.32466790997992623	0.0002569081837407421	0.9996455252692691	-0.053403354112523976
171	0.9998740074877622	-0.0002459808728275233	0.1853156488349836	0.0002459808728275233	0.9998740074877622	-0.09058566085338758
172	0.9999551408240888	-0.00017523162768350267	0.0689478010460285	0.00017523162768350267	0.9999551408240888	-0.08498462332775149
173	0.9999215929527043	-0.00013267634019166274	0.11287581343373422	0.00013267634019166274	0.9999215929527043	-0.04955542994693466
174	0.9999955016746405	-0.00011801687443374701	0.11398557754677466	0.00011801687443374701	0.9999955016746405	-0.1153327247778159
175	1.000209250624897	8.469305790881815e-05	-0.08910351660143567	-8.469305790881815e-05	1.000209250624897	0.002162664696742922
176	1.0001675220521853	-5.431594077166705e-05	0.08148786705289127	5.431594077166705e-05	1.0001675220521853	-0.09020953571316319
177	1.0001415574627486	-0.0001185872066256875	0.06825355269817107	0.0001185872066256875	1.0001415574627486	-0.13479706988164655
178	1.000081755838872	-5.887703657878931e-05	0.0853658236146874	5.887703657878931e-05	1.000081755838872	-0.10577592334027093
179	1.0000247610387132	-0.0001496363927001946	0.17233864507324365	0.0001496363927001946	1.0000247610387132	-0.20576268946353926
180	1.0002867010912742	-0.00013871272111816384	-0.011108141934069459	0.00013871272111816384	1.0002867010912742	-0.2512491769884936
181	1.0000762001746397	-0.00027664253175807693	0.09821542362072706	0.00027664253175807693	1.0000762001746397	-0.3238574092825459
182	1.0000087293581115	-0.00035930969287756775	0.2412849694348127	0.00035930969287756775	1.0000087293581115	-0.4077876777100973
183	0.999968587404961	-0.00021978969434752595	0.18845358875672447	0.00021978969434752595	0.999968587404961	-0.26513685388309294
184	0.9999839906012941	-0.0002223036075328832	0.21028143731852292	0.0002223036075328832	0.9999839906012941	-0.27607792722106306
185	1.0000104779358063	-0.00010021213259388696	0.3628287899513436	0.00010021213259388696	1.0000104779358063	-0.2662132716082861
186	1.0000418118220231	-0.00012848237438396894	0.1405566329173048	0.00012848237438396894	1.0000418118220231	-0.23592145275618973
187	1.0000643738513673	-9.796089930770948e-05	0.08537015597190112	9.796089930770948e-05	1.0000643738513673	-0.21849849776327135
188	1.000137468945039	-8.944053151056531e-05	0.038063271829765405	8.944053151056531e-05	1.000137468945039	-0.193503469955602
189	1.0001415735907608	-0.0001431967476967159	0.00694088030537543	0.0001431967476967159	1.0001415735907608	-0.17896889884067319
190	1.0002422698261801	8.932583912421567e-05	-0.06869673537932178	-8.932583912421567e-05	1.0002422698261801	-0.0695479751926545
191	1.0001618935310823	-0.00021504481696750695	0.08272253037686639	0.00021504481696750695	1.0001618935310823	-0.34867999501356395
192	1.0002333673340256	-0.0002635182325432389	0.01968251010019806	0.0002635182325432389	1.0002333673340256	-0.31251536071155717
193	1.0000555064732202	-0.00011029484615172796	0.0452639576503055	0.00011029484615172796	1.0000555064732202	-0.1701808287219104
194	1.0002507035434836	-9.07410303330477e-05	-0.07990969465457116	9.07410303330477e-05	1.0002507035434836	-0.21772429663651682
195	0.9999890268777817	2.42325711433994e-05	0.036369653566973525	-2.42325711433994e-05	0.9999890268777817	-0.09853810599507407
196	0.9999963119648707	1.576857034994414e-05	0.031231401551363624	-1.576857034994414e-05	0.9999963119648707	-0.0958642343100269
197	1.0000031106218619	5.1847575520172e-06	0.014416697694461305	-5.1847575520172e-06	1.0000031106218619	-0.05890920995825077
198	1.00004333271345	2.7487780655745698e-06	-0.012012780295546067	-2.7487780655745698e-06	1.00004333271345	-0.07034292566453199
199	1.0000148604060954	-9.06779918716517e-05	-0.0169423644648089	9.06779918716517e-05	1.0000148604060954	-0.1662913947065243
200	1.0000743329106596	-6.573087310086261e-05	-0.047759306908322384	6.573087310086261e-05	1.0000743329106596	-0.18063692991693092
201	1.0000077696447354	-0.00011750037719707759	-0.028320329709801705	0.00011750037719707759	1.0000077696447354	-0.1913195631507855
202	1.0000865375753565	-0.00023746043064806204	-0.1218392510033621	0.00023746043064806204	1.0000865375753565	-0.3071769260890685
203	1.00009780604828	-0.00025247783749951145	-0.13956609721354649	0.00025247783749951145	1.00009780604828	-0.3035480287991716
204	0.9999348825128233	-0.0003262670046765796	0.0952413657168996	0.0003262670046765796	0.9999348825128233	-0.3378663448509302
205	1.0000472863002552	-5.4983637947047055e-05	-0.07168998619082578	5.4983637947047055e-05	1.0000472863002552	-0.1214606798526563
206	1.0000910952362851	-0.00021831041707022958	-0.10686695050275086	0.00021831041707022958	1.0000910952362851	-0.28874582142032357
207	1.000165401935775	-0.00021659788568993279	-0.1951425882675953	0.00021659788568993279	1.000165401935775	-0.2896831131417741
208	1.0002222930990143	-0.0001755904622460002	-0.25438733517532497	0.0001755904622460002	1.0002222930990143	-0.22729683398313588
209	1.000422879829478	-0.00010221060380763772	-0.5053644445230692	0.00010221060380763772	1.000422879829478	-0.20847892175433602
210	1.0002340088750215	1.7767693240108867e-06	-0.31204738583424374	-1.7767693240108867e-06	1.0002340088750215	-0.08677636265141513
211	1.00025742246602	3.0299913873413233e-05	-0.34960237242320674	-3.0299913873413233e-05	1.00025742246602	-0.054665238502430574
212	1.0002107986346476	4.1631208165370936e-07	-0.325797629993996	-4.1631208165370936e-07	1.0002107986346476	-0.0431349968604615
213	1.0002091621166187	1.2378986510362138e-05	-0.31339115174832427	-1.2378986510362138e-05	1.0002091621166187	-0.07190384997887056
214	1.0001618129075407	-7.063179341446212e-05	-0.36362862767489096	7.063179341446212e-05	1.0001618129075407	-0.14215073579385534
215	0.9997152717517407	-0.00019408030856049536	0.10401549157191553	0.00019408030856049536	0.9997152717517407	0.001548294342398407
216	0.9996780717452437	-0.0001890733128158407	0.15504417927636788	0.0001890733128158407	0.9996780717452437	0.015751164953962452
217	0.999563818077836	-0.00012933693312075484	0.17023461967131326	0.00012933693312075484	0.999563818077836	0.07723286765525303
218	0.9996286418167457	-0.00013066731551539484	0.1466664589509363	0.00013066731551539484	0.9996286418167457	0.06327253609327264
219	0.9996791064590804	-1.3907223005602361e-06	0.1875895659084709	1.3907223005602361e-06	0.9996791064590804	-0.001991134455557604
220	0.9995656255288987	-5.069644837477127e-05	0.2563049604093007	5.069644837477127e-05	0.9995656255288987	0.020067816897189422
221	0.9995455024150608	-0.00011486813864135997	0.3305634737485073	0.00011486813864135997	0.9995455024150608	0.06908035076037465
222	0.9996482680902793	-4.3264827609809024e-05	0.2950448831690575	4.3264827609809024e-05	0.9996482680902793	0.07760597585551263
223	0.99974388086259	-8.555294774979227e-05	0.2171132964672512	8.555294774979227e-05	0.99974388086259	0.04881272971102903
224	0.9995912372190953	6.908969185822176e-05	0.3914529024878835	-6.908969185822176e-05	0.9995912372190953	0.08788765657967944
225	0.9995099842519006	-0.00011055367944073442	0.3033051532200686	0.00011055367944073442	0.9995099842519006	0.086565426098879
226	0.9995279299676993	-0.00022892067836036	0.3859032059619547	0.00022892067836036	0.9995279299676993	0.058016358018676495
227	0.9995614177963049	-0.0002688064480208305	0.4273492899526743	0.0002688064480208305	0.9995614177963049	-0.06306602989148903
228	0.9996495882356264	-0.00021907969683625803	0.3730954608851096	0.00021907969683625803	0.9996495882356264	-0.08858645867324527
229	0.999863211981081	-0.0003843700392032513	0.1712996807367163	0.0003843700392032513	0.999863211981081	-0.2119008880040827
230	0.9997031811873666	-0.00020646804457489067	0.37111881998945623	0.00020646804457489067	0.9997031811873666	0.008951262587933427
231	0.9997157761860664	-0.0002096265052570995	0.27357821527305365	0.0002096265052570995	0.9997157761860664	0.10957027652246802
232	0.9995942208623331	-0.0001413506409952375	0.4469706265676714	0.0001413506409952375	0.9995942208623331	0.14041971912961793
233	0.9995278302585832	-4.177975591932701e-05	0.5006428346144385	4.177975591932701e-05	0.9995278302585832	0.1748556617083475
234	0.9995401078072612	5.973764543323616e-05	0.40883203642256366	-5.973764543323616e-05	0.9995401078072612	0.19292058517575666
235	0.9993652925464933	-0.00011180387538945981	0.5212169660369793	0.00011180387538945981	0.9993652925464933	0.20604816085650168
236	0.9994031436818198	-3.785627970031166e-05	0.4885054022170474	3.785627970031166e-05	0.9994031436818198	0.197651880309359
237	0.9993751784486719	5.252997185092607e-06	0.429139483568435	-5.252997185092607e-06	0.9993751784486719	0.272164646246123
238	0.9995199391875366	8.377165249061183e-05	0.4059212736399052	-8.377165249061183e-05	0.9995199391875366	0.19793265333097365
239	0.9993245439093987	2.95392595433403e-05	0.5290817255140201	-2.95392595433403e-05	0.9993245439093987	0.22987525326179684
240	0.9993937471787616	-2.4079220723635235e-05	0.3799677655138547	2.4079220723635235e-05	0.9993937471787616	0.26277052704723947
241	0.9993934814648462	-8.587827627901627e-05	0.37486570370929245	8.587827627901627e-05	0.9993934814648462	0.184908491340949
242	0.9993239688051908	-6.402793731152194e-05	0.3905861124004353	6.402793731152194e-05	0.9993239688051908	0.20664427073621816
243	0.9993674319823129	-4.9980704044837545e-05	0.3374027524927521	4.9980704044837545e-05	0.9993674319823129	0.20626132969249084
244	0.9997355920001799	6.129346619106993e-05	0.03318885575428921	-6.129346619106993e-05	0.9997355920001799	0.13395586803168386
245	0.9996681138617295	-0.00011044834906087837	0.08502263708715213	0.00011044834906087837	0.9996681138617295	0.1315899621837927
246	0.999742102335367	-0.00011583059877676421	0.04804363806905762	0.00011583059877676421	0.999742102335367	0.06655516528797584
247	0.9997200236389893	-8.419959820372378e-05	0.09206364786953859	8.419959820372378e-05	0.9997200236389893	0.0767850851269386
248	0.999875472290312	-1.5290889837047197e-05	0.00639955956089544	1.5290889837047197e-05	0.999875472290312	0.06550820398745838
249	0.9999945276662008	-0.00012578883555076768	-0.037662851663800574	0.00012578883555076768	0.9999945276662008	0.011632513063084226
250	0.9999341883967382	-7.842777509136419e-05	-0.052430922882385225	7.842777509136419e-05	0.9999341883967382	0.10536505333066215
251	1.000008938379937	-5.707178600280159e-06	-0.14632182154418893	5.707178600280159e-06	1.000008938379937	0.14213045902793903
252	0.9999741488917712	-1.5419853312843707e-05	-0.08188393249571956	1.5419853312843707e-05	0.9999741488917712	0.08713501365339275
253	0.9999999710177583	3.8231449075572295e-05	-0.08628602889124595	-3.8231449075572295e-05	0.9999999710177583	0.10122672399226772
254	1.0002214694307645	7.023972726449299e-05	-0.24998810319297507	-7.023972726449299e-05	1.0002214694307645	0.11777488391559503
255	1.0001780329379932	0.00011630810940496401	-0.3205325225865854	-0.00011630810940496401	1.0001780329379932	0.22428402037821282
256	1.0001070874709372	0.0001461779174978201	-0.23096318089876977	-0.0001461779174978201	1.0001070874709372	0.24032298204729532
257	1.0001919825981973	0.00019391082821859182	-0.3053853231877577	-0.00019391082821859182	1.0001919825981973	0.2333537101860539
258	1.0003437715394063	0.00021168228926990023	-0.4828430907414002	-0.00021168228926990023	1.0003437715394063	0.18923508154574323
259	1.0003457316934563	7.763740823209142e-05	-0.40485430092499247	-7.763740823209142e-05	1.0003457316934563	0.1282662716898571
260	1.0002644517678363	0.00011033652153436284	-0.40206241526848197	-0.00011033652153436284	1.0002644517678363	0.16220155221819477
261	0.999911647766911	-2.1230906123211103e-05	-0.032647218012248506	2.1230906123211103e-05	0.999911647766911	0.07356419949520769
262	1.0001479275077676	0.00016637413756847907	-0.309972008368814	-0.00016637413756847907	1.0001479275077676	0.2619681095439503
263	1.0003024781664525	0.0002486200703910848	-0.4671695056336415	-0.0002486200703910848	1.0003024781664525	0.25847082891484896
264	1.0001630027669572	0.00019180014075080977	-0.3154203095311611	-0.00019180014075080977	1.0001630027669572	0.15330717079142275
265	1.0002461740605362	0.0001380973020694368	-0.42027327335987946	-0.0001380973020694368	1.0002461740605362	0.10765827137317549
266	1.0002906652177626	0.00018875208045871669	-0.46967464652549745	-0.00018875208045871669	1.0002906652177626	0.1853692802772342
267	1.0003292770437573	0.0001419358785878698	-0.4904119792639069	-0.0001419358785878698	1.0003292770437573	0.1244397844123382
268	1.0003679471547295	0.00019854198354697593	-0.5050055729149862	-0.00019854198354697593	1.0003679471547295	0.15771677975406528
269	1.000242724472111	0.0002960072457756436	-0.3893433671710812	-0.0002960072457756436	1.000242724472111	0.26204898836124546
270	1.0003233495500323	-2.3352749779460554e-06	-0.5033435125582756	2.3352749779460554e-06	1.0003233495500323	-0.04148283347638161
271	1.0003956973517343	0.0003400509696158408	-0.5559594391753065	-0.0003400509696158408	1.0003956973517343	0.17566008593729265
272	1.0004415134736966	0.00022294515115655646	-0.5616373067823099	-0.00022294515115655646	1.0004415134736966	0.09234099957919795
273	1.0003269986679995	0.00023398929787921453	-0.5069602323261381	-0.00023398929787921453	1.0003269986679995	0.1535844154897746
274	1.0001218935336	0.0003354491696746687	-0.3309240468393878	-0.0003354491696746687	1.0001218935336	0.3460640363792589
275	1.0001716167418773	0.00015142790807192873	-0.4012639207976307	-0.00015142790807192873	1.0001716167418773	0.2491558277389213
276	1.0001861594297534	9.73475454778142e-05	-0.3409527630634299	-9.73475454778142e-05	1.0001861594297534	0.15350846828463935
277	1.000225540041355	0.0001426282264884829	-0.3492213008207471	-0.0001426282264884829	1.000225540041355	0.1476160832074715
278	1.0001904531735075	0.0001749963307527633	-0.33797711576292727	-0.0001749963307527633	1.0001904531735075	0.09748112968256742
279	1.0002041266148658	0.00039300354789290846	-0.44259066839063327	-0.00039300354789290846	1.0002041266148658	0.3240189042898881
280	1.0000000756478433	-3.8906283774210656e-06	-0.0022306537725800893	3.8906283774210656e-06	1.0000000756478433	-0.0019973619223316186
281	1.0004157704926742	0.0003705665625457799	-0.5492627039525083	-0.0003705665625457799	1.0004157704926742	0.26118892348796485
282	1.000195891510459	0.0001305698475079979	-0.3151164749794053	-0.0001305698475079979	1.000195891510459	0.12053517410684789
283	1.0003241471487814	0.00020433480450414941	-0.4741906688873523	-0.00020433480450414941	1.0003241471487814	0.08145130032242281
284	1.0006107127326236	-7.905141182654644e-05	-0.6150652042284558	7.905141182654644e-05	1.0006107127326236	-0.23015803686429173
285	0.9999985837058653	-1.3516789515678113e-05	0.0008685317038667744	1.3516789515678113e-05	0.9999985837058653	-0.009999322519052764
286	1.0007569379266064	1.378273815842728e-05	-0.7735376031203073	-1.378273815842728e-05	1.0007569379266064	-0.21297883867608225
287	1.0003983215987275	9.696706179870471e-07	-0.43095887567920643	-9.696706179870471e-07	1.0003983215987275	-0.16544081032014435
288	1.0004757150585983	5.93689041899363e-05	-0.5081206962078558	-5.93689041899363e-05	1.0004757150585983	-0.08130016750284252
289	1.0004114932264567	-3.7490165393344035e-06	-0.4314688609798828	3.7490165393344035e-06	1.0004114932264567	-0.15294414762238406
290	1.0000021713240375	-5.8111419864470265e-06	-0.002193186386877795	5.8111419864470265e-06	1.0000021713240375	-0.00393555385126518
291	1.0004944180130175	-3.422828635607003e-05	-0.535039629931497	3.422828635607003e-05	1.0004944180130175	-0.19793910955221722
292	1.0003676322611914	-0.00011223837854534065	-0.3502192625368741	0.00011223837854534065	1.0003676322611914	-0.23703790173132389
293	1.0003330356344693	-2.4492477540430284e-06	-0.32120968458599036	2.4492477540430284e-06	1.0003330356344693	-0.14497771828047454
294	1.00020350259228	-3.5556050220316434e-05	-0.18391291024115067	3.5556050220316434e-05	1.00020350259228	-0.138214017257425
295	1.0000033686617644	1.8449399023224888e-06	-0.0036452136571919775	-1.8449399023224888e-06	1.0000033686617644	-0.0038482258238455988
296	1.000396027908264	1.9921350303489915e-05	-0.3940698254266158	-1.9921350303489915e-05	1.000396027908264	-0.1262315417876495
297	1.0001922411043047	1.4575829228596767e-05	-0.16441776482253015	-1.4575829228596767e-05	1.0001922411043047	-0.11264184367309368
298	1.000140455639217	-3.0990728966627316e-05	-0.13475286920595209	3.0990728966627316e-05	1.000140455639217	-0.1238715000513473
299	1.0004325211604408	-1.9132998975633903e-05	-0.3634980315348573	1.9132998975633903e-05	1.0004325211604408	-0.21966732572282488
300	0.9999984999657702	-4.867988043753298e-06	0.0021804993097794064	4.867988043753298e-06	0.9999984999657702	-0.0025672652982598613
301	1.0005314965434378	-3.431941585823609e-05	-0.418932713719127	3.431941585823609e-05	1.0005314965434378	-0.2724728849240177
302	1.0004063814988253	-7.688798168342187e-05	-0.3254772236439459	7.688798168342187e-05	1.0004063814988253	-0.19098210296615906
303	1.0004693371997333	-0.00020018264760656137	-0.34546514267069406	0.00020018264760656137	1.0004693371997333	-0.35024920583067476
304	1.000388362051603	-0.00021462824083578327	-0.2491338127677525	0.00021462824083578327	1.000388362051603	-0.3372199496999211
305	1.0000114971649177	-4.799995007800887e-06	-0.010858868239411403	4.799995007800887e-06	1.0000114971649177	-0.006899506275533258
306	1.000376391442586	-5.757879717602386e-05	-0.22277300584091644	5.757879717602386e-05	1.000376391442586	-0.2638805702793846
307	1.0001276768518783	-0.00010845266496215687	-0.08210738515903354	0.00010845266496215687	1.0001276768518783	-0.07586952820370763
308	1.0000673850063053	-0.00010489598630752867	-0.01649684027965785	0.00010489598630752867	1.0000673850063053	-0.08735862885604034
309	0.9998385641862544	-0.00013717671369032356	0.1678186876461146	0.00013717671369032356	0.9998385641862544	-0.16590768348577012
310	1.0000035963212928	7.536219533326893e-06	-0.009024841325303989	-7.536219533326893e-06	1.0000035963212928	0.002720086415200755
311	0.9998988332353758	-8.762218220587006e-05	0.1363979136291334	8.762218220587006e-05	0.9998988332353758	-0.045608351763089416
312	1.0000661590222961	-6.8185689686285e-05	-0.04029759400572405	6.8185689686285e-05	1.0000661590222961	-0.09529577637053907
313	1.0000288504412818	-0.00010441152499767725	-0.0036995292321372053	0.00010441152499767725	1.0000288504412818	-0.12092652271482232
314	0.9999932691581995	-0.000333112063098165	0.09496719999160794	0.000333112063098165	0.9999932691581995	-0.3604265434872135
315	1.0000038293808118	2.672592277077056e-07	-0.005741370208750204	-2.672592277077056e-07	1.0000038293808118	-0.0012370492095377498
316	1.0000579864947368	-0.00016847803707113128	-0.023181979945501585	0.00016847803707113128	1.0000579864947368	-0.2572104792652924
317	1.0001911835903	-8.496769243737804e-05	-0.20778701966375765	8.496769243737804e-05	1.0001911835903	-0.13190021698993115
318	1.000160682114265	-5.2759605800501574e-05	-0.19939078992920448	5.2759605800501574e-05	1.000160682114265	-0.12127036058124345
319	1.0001807094213238	4.81137206741547e-05	-0.14257643766007932	-4.81137206741547e-05	1.0001807094213238	-0.037980122013937745
320	0.999998694917197	1.1382937916229173e-05	-0.0021164004189401513	-1.1382937916229173e-05	0.999998694917197	0.010088762266225338
321	1.000130617833739	-0.0003336149090026572	-0.1284700477017311	0.0003336149090026572	1.000130617833739	-0.32891447522525236
322	1.0000537008499244	-0.0002716435418721677	-0.03402818207171028	0.0002716435418721677	1.0000537008499244	-0.21280220513652878
323	1.000029534660215	-0.000282490453049357	0.016264298719497264	0.000282490453049357	1.000029534660215	-0.2872478404226075
324	0.9999518827389438	-0.00025027271303491297	-0.009810577031615919	0.00025027271303491297	0.9999518827389438	-0.2582421077906546
325	0.9999901928232905	-7.555928135059508e-06	0.010500035146838326	7.555928135059508e-06	0.9999901928232905	-0.0042887007646454775
326	1.000171696195621	-0.00029341149614590576	-0.15308448924062804	0.00029341149614590576	1.000171696195621	-0.3432142070836469
327	0.9997268900840092	-0.00023708079184666395	0.22029614274598486	0.00023708079184666395	0.9997268900840092	-0.13660873931899295
328	0.9998833061967253	-0.00032733697413285377	0.1051534970182757	0.00032733697413285377	0.9998833061967253	-0.2707738558763105
329	1.0000922627409425	-0.0002951917276126211	-0.09307313453216466	0.0002951917276126211	1.0000922627409425	-0.3477491772180616
330	0.9999986029326062	-2.725477390788004e-06	-0.0038094274020739416	2.725477390788004e-06	0.9999986029326062	-0.003558743960216516
331	0.9999965999447175	-0.0003647972234105558	0.02293000530513074	0.0003647972234105558	0.9999965999447175	-0.40440326700494256
332	0.9998536374820503	-0.0002599649010733791	0.10557548191245347	0.0002599649010733791	0.9998536374820503	-0.21013844913054788
333	0.9997079026529656	-0.0005045003973785917	0.2695956172439913	0.0005045003973785917	0.9997079026529656	-0.3669300443151877
334	0.9994254301367236	-0.0006262193846444503	0.5928128696242743	0.0006262193846444503	0.9994254301367236	-0.5027482522886904
335	1.0000057044487738	5.8282790285103445e-06	-0.006577820368197775	-5.8282790285103445e-06	1.0000057044487738	-0.0024307950556686285
336	0.9999874507073846	-5.723977881047134e-05	-0.11136686187732574	5.723977881047134e-05	0.9999874507073846	-0.08777538350937712
337	0.9999757735224836	-0.0003900069055900296	-0.002270720693599293	0.0003900069055900296	0.9999757735224836	-0.32544172337335986
338	0.9999837784258117	-0.00032543100466268413	-0.03834559968659735	0.00032543100466268413	0.9999837784258117	-0.2377962560960028
339	0.9997793246801804	-0.0004001621553362031	0.1514768220751496	0.0004001621553362031	0.9997793246801804	-0.2940506634634265
340	1.0000039095813906	-4.405746748404939e-06	-0.004311117166058129	4.405746748404939e-06	1.0000039095813906	-0.006373239744553759
341	0.9997685897969788	-0.000348828351702167	0.11971676761325827	0.000348828351702167	0.9997685897969788	-0.2477269873435442
342	0.9994154173945397	-0.0008553461173600095	0.6359650314837044	0.0008553461173600095	0.9994154173945397	-0.6396120113802543
343	0.9994903176708299	-0.0008643450507380932	0.56823786060087	0.0008643450507380932	0.9994903176708299	-0.6379928243857481
344	0.9996742255662385	-0.0005416855182661842	0.3095970185589259	0.0005416855182661842	0.9996742255662385	-0.3971190016539234
345	0.9999887345962782	-3.076944718403675e-07	0.007395766441301698	3.076944718403675e-07	0.9999887345962782	-0.00450652697561948
346	0.9983055879793539	-0.0008055525444435217	1.6787178370840397	0.0008055525444435217	0.9983055879793539	-0.3397727886939567
347	0.999536487792597	-0.0006406593777996455	0.5125825792448578	0.0006406593777996455	0.999536487792597	-0.45636061150786944
348	0.9996759752317451	-0.0005747754662414728	0.3516400107652221	0.0005747754662414728	0.9996759752317451	-0.38630294568528756
349	0.999678902323014	-0.00042853165002732223	0.3155067080454535	0.00042853165002732223	0.999678902323014	-0.28628270065189365
350	0.9999973853548599	-3.5014558471482696e-06	0.0024502924173526036	3.5014558471482696e-06	0.9999973853548599	-0.002923812291050598
351	0.9997035169475674	-0.0003206256277336037	0.2806875028736854	0.0003206256277336037	0.9997035169475674	-0.17081965870997814
352	0.9992680158483159	-0.0006756784100887367	0.7613811891796614	0.0006756784100887367	0.9992680158483159	-0.4318455512046495
353	0.9996121051970557	-0.00048278179332349056	0.40567761703123123	0.00048278179332349056	0.9996121051970557	-0.31973125646147926
354	0.9999869691545751	-0.00047769206579512493	0.06659347999418709	0.00047769206579512493	0.9999869691545751	-0.3598685962168572
355	0.9999991470080072	-1.456629625420587e-05	0.0010810526135795265	1.456629625420587e-05	0.9999991470080072	-0.010577649064946047
356	0.9995399931538984	-0.00038007319388144554	0.5025950352712133	0.00038007319388144554	0.9995399931538984	-0.19119652413575264
357	0.9997473474897675	-0.0005447698422376803	0.3233201418645704	0.0005447698422376803	0.9997473474897675	-0.4147100915125036
358	0.9996660872228682	-0.00044274990221962305	0.3576754599356937	0.00044274990221962305	0.9996660872228682	-0.294869253720422
359	1.0000333908671555	-0.00030443395004540737	-0.055301031494742414	0.00030443395004540737	1.0000333908671555	-0.24848544487321944
360	0.9994066703006022	-8.47131508608147e-05	0.4930537280290573	8.47131508608147e-05	0.9994066703006022	0.09896532001680544
361	0.9993941094777481	-0.00031520800306697856	0.543271583820921	0.00031520800306697856	0.9993941094777481	-0.09729286822252182
362	0.9994463023396006	-0.00044530556357668023	0.5090173673258355	0.00044530556357668023	0.9994463023396006	-0.20995804251619435
363	0.9994558457714425	-0.0003610919988592481	0.4710732111312009	0.0003610919988592481	0.9994558457714425	-0.13663843939605907
364	0.999915284096234	-0.00015028981262569082	0.04341776842868409	0.00015028981262569082	0.999915284096234	-0.1134606981899326
365	0.9996089188918964	-0.0002588037725167675	0.3497064736437723	0.0002588037725167675	0.9996089188918964	-0.11954861786933386
366	0.999498948208132	-0.00039667311828791836	0.47819619037492084	0.00039667311828791836	0.999498948208132	-0.19459414546261947
367	0.9995929246245373	-0.0005308214096622609	0.412952680344576	0.0005308214096622609	0.9995929246245373	-0.337670744114795
368	0.9996364623612488	-0.00031591986026528333	0.2901281040799895	0.00031591986026528333	0.9996364623612488	-0.14870015837623216
369	0.9999557333874927	-5.928975407708828e-05	-0.10963119101806071	5.928975407708828e-05	0.9999557333874927	-0.03116695659841035
370	0.9997545431975647	-0.00012160156509891915	0.16137378600982397	0.00012160156509891915	0.9997545431975647	-0.045396951667495404
371	0.9998423738308119	-0.00015147427992340156	0.09146986362103166	0.00015147427992340156	0.9998423738308119	-0.10092911876628723
372	0.9997708276601154	-0.0001326450788150501	0.17187026713768155	0.0001326450788150501	0.9997708276601154	-0.04686427141022974
373	0.9995754188808424	-0.00023762276743317793	0.39179877992968565	0.00023762276743317793	0.9995754188808424	-0.07004909416438121
374	0.9994617108631759	-0.00040839338198038494	0.5571802297533612	0.00040839338198038494	0.9994617108631759	-0.20654153412287107
375	0.9991139196965789	-0.0005187113402796668	0.943463267880581	0.0005187113402796668	0.9991139196965789	-0.19713940368215854
376	0.998897844202843	-0.0005402052671469265	1.177331151049123	0.0005402052671469265	0.998897844202843	-0.1498437071175557
377	0.998817071358164	-0.0003140149539757241	1.2566805520153004	0.0003140149539757241	0.998817071358164	0.06689183091926276
378	0.9990523575873681	-0.00021642015699877844	1.0027286349326576	0.00021642015699877844	0.9990523575873681	0.06300106899762863
379	0.9995027189166109	-0.00023969699700215492	0.6677482661576027	0.00023969699700215492	0.9995027189166109	-0.0521386499953238
380	0.9994077875684494	-0.00048548465849017537	0.7599696019444553	0.00048548465849017537	0.9994077875684494	-0.22519308661164328
381	0.9996134596325372	-0.0003380687856896427	0.5235792050117839	0.0003380687856896427	0.9996134596325372	-0.1286433050558262
382	0.9995177641749737	-0.0004972055881681852	0.646468087397172	0.0004972055881681852	0.9995177641749737	-0.28824151995107733
383	0.9994790658427692	-0.000494522869324321	0.6502381115441083	0.000494522869324321	0.9994790658427692	-0.26965754219774085
384	0.9995989193107427	-0.00044226805274313934	0.49408742994515675	0.00044226805274313934	0.9995989193107427	-0.25482530518851104
385	0.9993083223398149	-0.0002923547740340118	0.7754246747848397	0.0002923547740340118	0.9993083223398149	-0.06447321395087668
386	0.9994044494078925	-0.00012954890722352281	0.6417288299434362	0.00012954890722352281	0.9994044494078925	0.06393848570442137
387	0.9993614292282612	7.1101367191726344e-06	0.653577443923511	-7.1101367191726344e-06	0.9993614292282612	0.17848828720635782
388	0.9992697437380492	2.2272799613226346e-05	0.7522877058098503	-2.2272799613226346e-05	0.9992697437380492	0.18183496103524668
389	0.9999968338468928	4.563469441443716e-06	0.09153220338171622	-4.563469441443716e-06	0.9999968338468928	0.043190625087088014
390	0.99964644975032	-0.00015275264762552255	0.4518825307170524	0.00015275264762552255	0.99964644975032	-0.04741367693844396
391	0.9995407507820244	-0.0001499623152833968	0.5777926610611657	0.0001499623152833968	0.9995407507820244	0.003003053885364537
392	0.9995607646763754	-0.00013479876424267044	0.5876596269215785	0.00013479876424267044	0.9995607646763754	0.02166664903371853
393	0.9994329260176225	-0.00012104894467213068	0.7093835184171753	0.00012104894467213068	0.9994329260176225	0.02739729715826085
394	0.9995579521397506	-0.00010881284316450373	0.5495418526566742	0.00010881284316450373	0.9995579521397506	-0.06340254008387469
395	0.9995188654283758	-0.00011511144345078545	0.644871517832357	0.00011511144345078545	0.9995188654283758	0.02067754870062684
396	0.9995680132200838	-0.00011050952018186698	0.5699256088775646	0.00011050952018186698	0.9995680132200838	-0.01863901122397754
397	0.9996236201704485	-3.5857075412841044e-05	0.5643348163212931	3.5857075412841044e-05	0.9996236201704485	0.02017621641080003
398	0.999865963607209	-2.074625363953779e-06	0.30770750450912365	2.074625363953779e-06	0.999865963607209	-0.020377763424656716
399	1.0000374219007575	6.018741505116892e-05	0.03920877554419457	-6.018741505116892e-05	1.0000374219007575	0.001848977503492471
400	0.9997923108477005	6.314529750384883e-05	0.38830176594453164	-6.314529750384883e-05	0.9997923108477005	0.06774574914830728
401	0.9997379014433919	7.201607860848414e-05	0.48916815117546375	-7.201607860848414e-05	0.9997379014433919	0.06822772898787766
402	0.9998942289772419	1.6564867436345836e-05	0.37206630138161656	-1.6564867436345836e-05	0.9998942289772419	-0.0025747673401262054
403	1.0000137228855968	-3.1252831582615448e-06	0.29794449239484444	3.1252831582615448e-06	1.0000137228855968	-0.044010138140758895
404	1.000024284734011	3.792220228950625e-05	0.18330998952927288	-3.792220228950625e-05	1.000024284734011	-0.025237015169695617
405	0.9999602388289092	0.00012189344086731891	0.2215367535935149	-0.00012189344086731891	0.9999602388289092	0.08025392151843565
406	1.000073886989842	6.643225647963343e-05	0.19467053740965465	-6.643225647963343e-05	1.000073886989842	0.02003895614748475
407	1.0003449367614796	0.00013592008681669585	0.05845765706578909	-0.00013592008681669585	1.0003449367614796	0.01619457476425179
408	1.000139632657653	0.00015997683229660182	-0.006774657247520809	-0.00015997683229660182	1.000139632657653	0.04859147530513743
409	1.0004542632849969	0.00038101430831475935	-0.30479184895759226	-0.00038101430831475935	1.0004542632849969	0.2036668809711087
410	1.0001571899860606	0.00024538832973497536	-0.05240989961774731	-0.00024538832973497536	1.0001571899860606	0.1143853341629067
411	1.000287481862643	0.0004289098757945366	-0.17520317328413465	-0.0004289098757945366	1.000287481862643	0.1850838659773203
412	1.0002346990254443	0.0002961179619605993	-0.057984339577756686	-0.0002961179619605993	1.0002346990254443	0.15731632659484737
413	1.0003350379709512	0.000268716948170787	-0.11002956613779637	-0.000268716948170787	1.0003350379709512	0.13462543415654893
414	1.0003065205092398	0.00039616653412398537	-0.2548906604598505	-0.00039616653412398537	1.0003065205092398	0.290083519810244
415	1.0001498733522565	0.00018257667852545064	-0.06097587192860788	-0.00018257667852545064	1.0001498733522565	0.13271067738631695
416	1.0000994989508183	0.00019169635002819592	-0.04084645661016621	-0.00019169635002819592	1.0000994989508183	0.14024444935341251
417	1.0003015272315308	0.00026007933723096627	-0.21678816048135482	-0.00026007933723096627	1.0003015272315308	0.17894382037867135
418	1.00025098702567	0.0003610224792701912	-0.20235221911487505	-0.0003610224792701912	1.00025098702567	0.25041286359866455
419	1.0005410885520483	0.0002534468820632412	-0.4656594082006774	-0.0002534468820632412	1.0005410885520483	0.057040332796577844
420	1.0002409612110306	0.00019351440987386222	-0.16782162028811054	-0.00019351440987386222	1.0002409612110306	0.11775505549906898
421	1.0002160885151692	0.0002661080667891373	-0.14695764364794006	-0.0002661080667891373	1.0002160885151692	0.17911015222657847
422	1.000294241462485	0.00028357792103951183	-0.22837492177667687	-0.00028357792103951183	1.000294241462485	0.18932896242656116
423	1.0003189858986765	0.0003530175858929048	-0.22608400722246602	-0.0003530175858929048	1.0003189858986765	0.20204561784568129
424	1.0003411692539055	0.0003828846329612826	-0.37008781929098916	-0.0003828846329612826	1.0003411692539055	0.23654685084077354
425	1.0003432134350636	0.0005718456592699	-0.36534330647537683	-0.0005718456592699	1.0003432134350636	0.3998015525900112
426	1.0004600314547862	0.0005537470663382016	-0.4051702033460935	-0.0005537470663382016	1.0004600314547862	0.34762087115653184
427	1.0003851958904177	0.000545336983636054	-0.33063029695540236	-0.000545336983636054	1.0003851958904177	0.28092509320047765
428	1.0005304466894582	0.0006390224306220555	-0.542245226197321	-0.0006390224306220555	1.0005304466894582	0.3780335103660559
429	1.0003293630745906	0.0006052821418568971	-0.5942558317230753	-0.0006052821418568971	1.0003293630745906	0.4984956534082028
430	1.0004014710066083	0.00046848567637832237	-0.39547776071064256	-0.00046848567637832237	1.0004014710066083	0.32154923470702546
431	1.000558551110046	0.0002954220995967235	-0.4695968609999565	-0.0002954220995967235	1.000558551110046	0.16635090933178404
432	1.0004824029252244	0.00041907920633171207	-0.45616131136885907	-0.00041907920633171207	1.0004824029252244	0.2797930901035066
433	1.0004080287355033	0.0003495024308490414	-0.3354179657550759	-0.0003495024308490414	1.0004080287355033	0.2306001364786811
434	1.000474422020639	0.0005626503890292928	-0.6860142601619772	-0.0005626503890292928	1.000474422020639	0.3975041255884153
435	1.0002103252239851	0.00042721148800210535	-0.1790243736356092	-0.00042721148800210535	1.0002103252239851	0.3012229695367601
436	1.0003030831277009	0.0003318886820223419	-0.22734696132641213	-0.0003318886820223419	1.0003030831277009	0.2133754469120325
437	1.0002328826544251	0.0002699233873992902	-0.16498794049864798	-0.0002699233873992902	1.0002328826544251	0.24514063371552736
438	1.0002412428572716	0.00046459902805199346	-0.24422880178820033	-0.00046459902805199346	1.0002412428572716	0.3781314140800513
439	0.9997414162521888	0.0007093756972901561	0.02599348129947554	-0.0007093756972901561	0.9997414162521888	0.7223370634914943
440	1.0002006675980513	0.0006418766187700573	-0.2311068873820026	-0.0006418766187700573	1.0002006675980513	0.5360313475954762
441	1.000220268283732	0.000649857894471368	-0.20426045837028867	-0.000649857894471368	1.000220268283732	0.4814251319041666
442	1.0004142224490038	0.0006302454009522125	-0.3518849887069454	-0.0006302454009522125	1.0004142224490038	0.42526409685479005
443	1.0003475655536147	0.0006020231657444305	-0.3051460073701713	-0.0006020231657444305	1.0003475655536147	0.44682692860797474
444	0.9999309735141426	0.00045021206588864753	0.0319717500658027	-0.00045021206588864753	0.9999309735141426	0.4875074785074562
445	1.0002743362591866	0.0005557327752661496	-0.22937230114037688	-0.0005557327752661496	1.0002743362591866	0.41850960284102146
446	0.9999996493406087	-5.7387241181838445e-06	-0.0006963881356388785	5.7387241181838445e-06	0.9999996493406087	-0.005092641268718464
447	0.9998630911193839	0.0002766105680673671	0.055894617418182524	-0.0002766105680673671	0.9998630911193839	0.36484000269477723
448	0.9999310629390685	0.0005471660817724528	-0.04449156103165714	-0.0005471660817724528	0.9999310629390685	0.5346820735442788
449	0.9997789650676019	0.0003053314666230751	0.0868926754776261	-0.0003053314666230751	0.9997789650676019	0.3479362298241179
450	0.9999124819435241	0.00045059454561458304	-0.10015193880552298	-0.00045059454561458304	0.9999124819435241	0.4143377459955243
451	1.0000058758771555	1.0997900061018497e-05	0.0029058068358240614	-1.0997900061018497e-05	1.0000058758771555	0.01905923903917929
452	0.9999511236361607	0.0004883415991718096	-0.2863050330944995	-0.0004883415991718096	0.9999511236361607	0.4490728245645908
453	1.0000742535632055	0.0005681451919970767	-0.27606811458233954	-0.0005681451919970767	1.0000742535632055	0.4210183102736729
454	1.0001488135517542	0.00018572164287802042	-0.20058257201586538	-0.00018572164287802042	1.0001488135517542	0.12535483267102152
455	1.0002396647252625	0.00031915546198822757	-0.3332775456035555	-0.00031915546198822757	1.0002396647252625	0.3011274863116139
456	0.999993602851765	2.163754654535174e-06	0.005183782165613188	-2.163754654535174e-06	0.999993602851765	0.0025147382312709996
457	1.000263974657201	0.00021176611076855278	-0.34036101397062885	-0.00021176611076855278	1.000263974657201	0.20834585335204686
458	0.9999165167843391	0.0002851838271272924	-0.10838753871888812	-0.0002851838271272924	0.9999165167843391	0.26783069524426134
459	1.0001125462623153	0.00022330956851700185	-0.20476254093826998	-0.00022330956851700185	1.0001125462623153	0.13795926507720385
460	1.000024099425942	0.00022247351655273824	-0.12581385129630274	-0.00022247351655273824	1.000024099425942	0.18470662215918224
461	0.9999952644071576	5.932970123203575e-06	-0.00020580744996047395	-5.932970123203575e-06	0.9999952644071576	0.002295437632443352
462	1.000161521301729	0.00035130241895913947	-0.20851703232633553	-0.00035130241895913947	1.000161521301729	0.19751931014705057
463	1.000004331722002	0.0003191011014414833	-0.010444939040268634	-0.0003191011014414833	1.000004331722002	0.13827342078332688
464	1.0005137629248173	0.0006668993593709215	-0.6743719455260513	-0.0006668993593709215	1.0005137629248173	0.3893807455654057
465	1.0004191694874414	0.0005362052753026664	-0.5090871256882882	-0.0005362052753026664	1.0004191694874414	0.28009186229279437
466	0.9999989668052047	-3.089202124296911e-07	0.0018828993869462315	3.089202124296911e-07	0.9999989668052047	-0.0006410964235404049
467	1.0003535144331097	0.00048024053799036585	-0.43782424469684245	-0.00048024053799036585	1.0003535144331097	0.2888188439782771
468	1.0001511299977643	0.00024369649630853217	-0.08017194853881805	-0.00024369649630853217	1.0001511299977643	0.16308999454675008
469	1.0003587075385727	0.00029596987551067333	-0.3470454646851972	-0.00029596987551067333	1.0003587075385727	0.1774976244403772
470	1.0001047155586413	0.00034338208789245307	-0.05466185554354599	-0.00034338208789245307	1.0001047155586413	0.23523723824216936
471	1.000005255954881	-3.902204218801536e-06	-0.0022625492876216864	3.902204218801536e-06	1.000005255954881	-0.005794898159544145
472	1.0002361389930683	0.0004361336315268549	-0.2764116826551843	-0.0004361336315268549	1.0002361389930683	0.31051417998546593
473	1.0001004058253802	0.0002582065469713932	-0.0376414862145402	-0.0002582065469713932	1.0001004058253802	0.14518592838686298
474	1.0001304331202356	0.0003777653992965618	-0.293456830008648	-0.0003777653992965618	1.0001304331202356	0.24977311169482752
475	1.0002372370742345	0.00010776002648475235	0.04036317622287018	-0.00010776002648475235	1.0002372370742345	-0.02679533093301291
476	1.0000013592769335	1.2911353752545424e-05	0.0005046931124844421	-1.2911353752545424e-05	1.0000013592769335	0.02035293361034034
477	1.0000361615902513	0.0004966586433614845	-0.15810428899050916	-0.0004966586433614845	1.0000361615902513	0.3729478528656433
478	0.999947350315174	0.0001471190124911712	0.13040492269685766	-0.0001471190124911712	0.999947350315174	0.09373501836016647
479	1.0000753288974298	0.00018584582051447984	-0.11009911817508486	-0.00018584582051447984	1.0000753288974298	0.13412951444975976
480	0.9998745137704147	-5.6672140850235194e-06	0.11705089249321456	5.6672140850235194e-06	0.9998745137704147	0.038862632265848414
481	0.9999934690385568	-7.133632625140379e-06	0.005356394249503554	7.133632625140379e-06	0.9999934690385568	-0.01516231704543143
482	1.000067154182525	0.000329717848275701	-0.11428730519416695	-0.000329717848275701	1.000067154182525	0.2857128610463459
483	0.9998803138792668	0.00012213945248369646	0.14402081645195966	-0.00012213945248369646	0.9998803138792668	0.13609206328253687
484	0.999961195237175	0.00014276111451390735	0.02999198379740525	-0.00014276111451390735	0.999961195237175	0.21025991139618422
485	0.999995009267806	2.0595264440151442e-05	0.004431947116986762	-2.0595264440151442e-05	0.999995009267806	0.02000826517956773
486	0.9997339849945142	-6.994136175708155e-06	0.28184961483633364	6.994136175708155e-06	0.9997339849945142	0.1008914226228027
487	0.9999945802154764	0.00021302220839217444	0.03191518164270146	-0.00021302220839217444	0.9999945802154764	0.24043733102093368
488	0.9997252686143824	1.8347202721516422e-05	0.33855305795516494	-1.8347202721516422e-05	0.9997252686143824	0.06871259377523826
489	0.9998482707000147	0.00010628981413306765	0.23716929706981896	-0.00010628981413306765	0.9998482707000147	0.12050996308306126
490	0.9996846530060159	7.978790935935866e-05	0.35486407591923763	-7.978790935935866e-05	0.9996846530060159	0.14159234626962663
491	0.9995117643892484	5.968401991260605e-05	0.44153119342066605	-5.968401991260605e-05	0.9995117643892484	0.1949062204051627
492	0.9995689447227942	0.00027839033530078095	0.3417402134789269	-0.00027839033530078095	0.9995689447227942	0.33239729078130675
493	0.9991519384223673	-9.032834187952922e-05	0.7581635482961159	9.032834187952922e-05	0.9991519384223673	0.1127192499905924
494	0.9991307785374034	-8.110913994286203e-05	0.7344548274649444	8.110913994286203e-05	0.9991307785374034	0.1504267246193002
495	0.9992274650783215	-0.00022615564847472142	0.723650069537072	0.00022615564847472142	0.9992274650783215	-0.004201824025425557
496	0.9991705084172353	-9.554726566496537e-05	0.7797566020500736	9.554726566496537e-05	0.9991705084172353	0.08649883379057854
497	0.9994828926091265	-0.00010648357886866889	0.4567503795498497	0.00010648357886866889	0.9994828926091265	0.08508439319965122
498	0.9995114530265528	-0.00011988040215400573	0.4216755751557308	0.00011988040215400573	0.9995114530265528	0.028559325383465062
499	0.9995385497527483	-7.721991501175236e-05	0.3438260498923448	7.721991501175236e-05	0.9995385497527483	0.06158437252983388
500	0.9997072058771155	4.782699781308287e-05	0.23291779268788806	-4.782699781308287e-05	0.9997072058771155	0.10421421546539603
501	0.999470160899941	0.00026560076332242865	0.46039194820572393	-0.00026560076332242865	0.999470160899941	0.22830875012640411
502	0.9998771402082526	0.00019940599030271458	0.0258991534860356	-0.00019940599030271458	0.9998771402082526	0.21561656850506236
503	0.999857072566007	6.865858114754435e-05	0.08231535533880865	-6.865858114754435e-05	0.999857072566007	0.004111309808835562
504	0.9998589509162207	3.859962706117707e-05	0.03270194310953429	-3.859962706117707e-05	0.9998589509162207	0.024952713300951532
505	0.9999340660836806	1.6065358116829334e-06	0.01392156797915167	-1.6065358116829334e-06	0.9999340660836806	0.0023005938689269335
506	0.9999871672393199	8.454929172305983e-05	-0.07470261111227594	-8.454929172305983e-05	0.9999871672393199	0.08341195903628325
507	1.0001298549683715	5.489640515221945e-05	-0.22229471157017783	-5.489640515221945e-05	1.0001298549683715	0.056541115692307166
508	1.0001411686312034	-6.7463178926373e-06	-0.26336346720718695	6.7463178926373e-06	1.0001411686312034	-0.002413602586003142
509	1.0000801506264778	-4.2867632017740695e-05	-0.21753807674537418	4.2867632017740695e-05	1.0000801506264778	-0.004423484678148681
510	1.0000745525667414	-8.344561641320485e-05	-0.27984436937230445	8.344561641320485e-05	1.0000745525667414	-0.03467314072129335
511	1.0001347572379138	-7.119017935577271e-05	-0.3192948570189654	7.119017935577271e-05	1.0001347572379138	-0.035178709726272024
512	1.0002380461663032	-0.00033736108648501836	-0.26402224548381586	0.00033736108648501836	1.0002380461663032	-0.31855776405722624
513	1.0002467397792516	-0.0002712173074166869	-0.5302189428073845	0.0002712173074166869	1.0002467397792516	-0.24543617343566548
514	1.0003183137515828	-0.00014118030544302921	-0.5816619142630706	0.00014118030544302921	1.0003183137515828	-0.15141824064661324
515	1.0003942252161921	-8.337745114333745e-05	-0.622117060563094	8.337745114333745e-05	1.0003942252161921	-0.12002420984023182
516	1.0004231271400212	-6.806983149683336e-05	-0.6297647427896629	6.806983149683336e-05	1.0004231271400212	-0.14728235712406665
517	1.0006791411867628	-0.00013440511786428887	-0.8535639260285001	0.00013440511786428887	1.0006791411867628	-0.2636433978846805
518	1.0005631574670657	-0.00024036911297784799	-0.7783475036556196	0.00024036911297784799	1.0005631574670657	-0.25790635032231335
519	1.0005348204449642	-0.0003060152668091176	-0.7088979099110619	0.0003060152668091176	1.0005348204449642	-0.3406975717061946
520	1.0005252624492664	-0.00033282664264354335	-0.7386354253951479	0.00033282664264354335	1.0005252624492664	-0.3327073593535699
521	1.0006238191714938	-0.00038788777283504076	-0.7590429911206866	0.00038788777283504076	1.0006238191714938	-0.3638158519945012
522	1.0003819679025265	-0.0005362033406594336	-0.4342962225948644	0.0005362033406594336	1.0003819679025265	-0.5488109164156858
523	1.000310515495753	-0.00025232189948443926	-0.5024661896788379	0.00025232189948443926	1.000310515495753	-0.27966241979455675
524	1.00036881223462	-0.00017974770144324245	-0.5460626342113482	0.00017974770144324245	1.00036881223462	-0.2565168123402565
525	1.0004025723563794	-0.00014749721118008366	-0.58213523165494	0.00014749721118008366	1.0004025723563794	-0.2405120417367392
526	1.0004178547379188	-9.660483538218813e-05	-0.5974096131616204	9.660483538218813e-05	1.0004178547379188	-0.22270475191637196
527	1.000323254498211	1.4239028560156773e-05	-0.5095717747091543	-1.4239028560156773e-05	1.000323254498211	-0.16287522064493024
528	1.0003565416880613	-8.291271054448933e-05	-0.532381692801211	8.291271054448933e-05	1.0003565416880613	-0.12586316515981527
529	1.0004041935836752	-0.00015392097167285637	-0.5661232024575482	0.00015392097167285637	1.0004041935836752	-0.19557019661338737
530	1.0004064848507581	-4.174401138440714e-05	-0.6309486777528865	4.174401138440714e-05	1.0004064848507581	-0.09384876452833338
531	1.0005055182298825	-1.5124189822990252e-05	-0.6829585125357132	1.5124189822990252e-05	1.0005055182298825	-0.08502132574013263
532	1.0003767978446716	-0.00029827263915604193	-0.41868606355760263	0.00029827263915604193	1.0003767978446716	-0.3975959988201395
533	1.0007931494470128	5.951366493151932e-06	-1.0963328629791687	-5.951366493151932e-06	1.0007931494470128	-0.17887763770364984
534	1.000838042994055	0.00010757813407193352	-1.1249347837944546	-0.00010757813407193352	1.000838042994055	-0.04894316620512115
535	1.0008941005214256	0.00014543405361645858	-1.099133608304024	-0.00014543405361645858	1.0008941005214256	0.031438945440999184
536	1.0009951232523793	0.00028953030703328603	-1.2363252308619987	-0.00028953030703328603	1.0009951232523793	0.1278394732408651
537	1.000637758677209	0.00036177911796821864	-0.862437962564254	-0.00036177911796821864	1.000637758677209	0.1778965500520081
538	1.0008801506719884	0.00013896919386864387	-1.0557506196849307	-0.00013896919386864387	1.0008801506719884	-0.0495991347352116
539	1.001088284795694	0.00024743143701994085	-1.3155332919426785	-0.00024743143701994085	1.001088284795694	0.018624844907466215
540	1.0011265326994176	0.00029800614996094857	-1.4580161136136323	-0.00029800614996094857	1.0011265326994176	-0.0076230919422510535
541	1.0008668597259032	0.00035735667425104163	-1.1471529107017269	-0.00035735667425104163	1.0008668597259032	0.11354372036008194
542	1.0003208965181813	0.00021589462741765462	-0.5023923790311717	-0.00021589462741765462	1.0003208965181813	0.15055080845039814
543	1.0007576177991802	0.00028476850732025825	-1.0277473711306293	-0.00028476850732025825	1.0007576177991802	0.14281545288140346
544	1.000635896067785	0.00024162991324398644	-0.9093307029450768	-0.00024162991324398644	1.000635896067785	0.11755431706831125
545	1.0004218510823244	0.0001471598999029749	-0.69798335865012	-0.0001471598999029749	1.0004218510823244	0.11043467928683914
546	1.000288717076759	0.00020381046429736741	-0.5673712983220733	-0.00020381046429736741	1.000288717076759	0.17817160801638426
547	0.9999030903854833	-0.0001232705545066966	-0.10703292765545735	0.0001232705545066966	0.9999030903854833	-0.0007450561053775479
548	1.0005048621072867	0.0002133452208858712	-0.7859681370166736	-0.0002133452208858712	1.0005048621072867	0.1099479186603528
549	1.0005482121760982	0.00023084188924306435	-0.8163743896098357	-0.00023084188924306435	1.0005482121760982	0.12580217070863112
550	1.0004788546798236	0.00025711407929737186	-0.7414780984416365	-0.00025711407929737186	1.0004788546798236	0.1940653477530838
551	1.0005885740273468	0.00020434076751332003	-0.7888110646875507	-0.00020434076751332003	1.0005885740273468	0.16111359209188456
552	1.0000023151804682	-0.0002064477459155997	-0.0965147007759386	0.0002064477459155997	1.0000023151804682	-0.09645375923805966
553	1.0004673023769286	0.00013268716346566671	-0.6915614115643154	-0.00013268716346566671	1.0004673023769286	0.13043534490775854
554	1.000898464137224	0.00037571845705075817	-1.1892824659946424	-0.00037571845705075817	1.000898464137224	0.24770724294836444
555	1.0008911746065736	0.0002301421612925137	-1.123900948038412	-0.0002301421612925137	1.0008911746065736	0.12635791045331973
556	1.0008250006508543	0.00029892184519993923	-1.0847456801998603	-0.00029892184519993923	1.0008250006508543	0.22348672157299188
557	1.0000614373320562	0.00021755806397565466	-0.2949718934694724	-0.00021755806397565466	1.0000614373320562	0.29765733983213316
558	1.0008996725336379	0.0004553699964594934	-1.159446903444344	-0.0004553699964594934	1.0008996725336379	0.3208558171239698
559	1.0013072001889294	0.0004797836233413034	-1.5762377382802493	-0.0004797836233413034	1.0013072001889294	0.33878464431998667
560	1.0007788860978304	0.0003348288734069149	-1.0028085895110337	-0.0003348288734069149	1.0007788860978304	0.2583064934329757
561	1.0008413329423098	0.000554629261750057	-1.1170066322049255	-0.000554629261750057	1.0008413329423098	0.42811482305414406
562	1.0002282194803156	-7.516871557051221e-06	-0.36006200814763145	7.516871557051221e-06	1.0002282194803156	0.04294981409460813
563	1.0006510320977295	0.0007189871090966024	-0.9498885069450895	-0.0007189871090966024	1.0006510320977295	0.632675703995957
564	1.000644767555924	0.0008603203950871203	-0.9691027814510973	-0.0008603203950871203	1.000644767555924	0.761662313323513
565	1.0005146995719416	0.0006609692648625262	-0.8482481942148429	-0.0006609692648625262	1.0005146995719416	0.6182617931246925
566	1.0004644152534412	0.0005344262159092054	-0.7571283866052646	-0.0005344262159092054	1.0004644152534412	0.5219299877233295
567	0.9999688659561965	0.00012312132745157477	-0.13162282059124966	-0.00012312132745157477	0.9999688659561965	0.2307616319551433
568	1.0006901150944636	0.0006476218449546818	-0.9815862454079876	-0.0006476218449546818	1.0006901150944636	0.52476959558179
569	1.0004893551857075	0.0005320108047948011	-0.7716531261657611	-0.0005320108047948011	1.0004893551857075	0.4353737489534673
570	1.0004524972982913	0.0005914347959747761	-0.7492030552506928	-0.0005914347959747761	1.0004524972982913	0.4730497890860331
571	1.0003359370775848	0.0007146983538287072	-0.6704145071446237	-0.0007146983538287072	1.0003359370775848	0.6380921821820886
572	1.0001589317725386	0.0003345809928766386	-0.3457699962107949	-0.0003345809928766386	1.0001589317725386	0.34148774201779686
573	1.0003747173996902	0.0012683767662692083	-0.8631412616150171	-0.0012683767662692083	1.0003747173996902	1.170205218311995
574	1.0003432225372564	0.0007947106172422644	-0.7416455660896718	-0.0007947106172422644	1.0003432225372564	0.7470964875715103
575	1.0004656018071802	0.0003616538698108064	-0.7465132181490051	-0.0003616538698108064	1.0004656018071802	0.3199545488326834
576	1.0005397787218466	0.00045851548364689174	-0.790097335649621	-0.00045851548364689174	1.0005397787218466	0.3929525546701227
577	1.0004057567565416	0.0004885904669920326	-0.626598307388307	-0.0004885904669920326	1.0004057567565416	0.46063651956731794
578	1.0004743482498988	0.0004431932221766996	-0.7731681126375411	-0.0004431932221766996	1.0004743482498988	0.45429558638573586
579	1.0002509064361913	0.0011614362739104356	-0.5950398056583187	-0.0011614362739104356	1.0002509064361913	1.1344299103453028
580	1.0002135838867776	0.0008434775451501446	-0.47323812841109175	-0.0008434775451501446	1.0002135838867776	0.8582975452152463
581	1.0003039966855967	0.000872144837486141	-0.561818419874897	-0.000872144837486141	1.0003039966855967	0.8486058647569419
582	1.0004353874949035	0.0007512337065958492	-0.5336438776599868	-0.0007512337065958492	1.0004353874949035	0.7409418208536952
583	1.0001834261662728	0.0009477035950914048	-0.4664684950295302	-0.0009477035950914048	1.0001834261662728	0.8356599890740621
584	1.000099292216357	0.0009759617091592885	-0.3915603424279542	-0.0009759617091592885	1.000099292216357	0.8411140965463628
585	1.0001571046553783	0.0010550731356136016	-0.4921740594834612	-0.0010550731356136016	1.0001571046553783	0.884905431498999
586	1.0001754856509166	0.001068466022713732	-0.4780083857427114	-0.001068466022713732	1.0001754856509166	0.8976203453894996
587	1.0003176852403406	0.0008374379220325956	-0.5401554702850452	-0.0008374379220325956	1.0003176852403406	0.5944805002725525
588	1.0002149993867482	0.0011005189313272165	-0.5379024426604635	-0.0011005189313272165	1.0002149993867482	0.8714751854659413
589	1.0003742908020643	0.0009436595932501988	-0.6163366421533538	-0.0009436595932501988	1.0003742908020643	0.7169426876649782
590	1.0001835376902743	0.0010805776849631818	-0.4777105189537889	-0.0010805776849631818	1.0001835376902743	0.843255685388392
591	0.9999895227544287	0.0011312402472163766	-0.31414989099121865	-0.0011312402472163766	0.9999895227544287	0.9263493758867627
592	1.0002101090839517	0.0006940514096290598	-0.41982486291248966	-0.0006940514096290598	1.0002101090839517	0.5899136182888384
593	0.9997999365263136	0.0014006067018013512	-0.18257709272077002	-0.0014006067018013512	0.9997999365263136	1.2410132979973987
594	0.9997671297080808	0.0013888682424576275	-0.12832681454944905	-0.0013888682424576275	0.9997671297080808	1.1909599151530037
595	0.9999544791406713	0.0012084927121641992	-0.2572775457495962	-0.0012084927121641992	0.9999544791406713	1.010301108286504
596	1.0000292815931073	0.0006854843998255718	-0.2179312247969686	-0.0006854843998255718	1.0000292815931073	0.5380209526882729
597	0.9999262218934015	0.0006186611899096897	-0.0261797165219549	-0.0006186611899096897	0.9999262218934015	0.5434399009479254
598	1.0000497619413073	0.000575638509648168	-0.1475728554230373	-0.000575638509648168	1.0000497619413073	0.5000620043987289
599	1.00003309146296	0.0007952056896797258	-0.16189509902918375	-0.0007952056896797258	1.00003309146296	0.6829492788300975
600	1.000031807846217	0.0012119633619564107	-0.26324437170407744	-0.0012119633619564107	1.000031807846217	1.0701835982455683
601	1.0001688476553585	0.0009633156736511918	-0.28823210946659794	-0.0009633156736511918	1.0001688476553585	0.8317348162617114
602	1.0001572945751234	0.0005171086104322741	-0.13489563081952466	-0.0005171086104322741	1.0001572945751234	0.46833276374635957
603	0.9998332272303327	0.0008204582281090187	0.0463970141958321	-0.0008204582281090187	0.9998332272303327	0.7355437270274817
604	0.9998731071128603	0.0007364732214969745	0.0495253547796864	-0.0007364732214969745	0.9998731071128603	0.6613710960552963
605	0.9998874497644306	0.0006750854163044882	0.03751629839875678	-0.0006750854163044882	0.9998874497644306	0.6170609823026039
606	0.9999769348424202	0.0008796579726652373	-0.009041455029773104	-0.0008796579726652373	0.9999769348424202	0.7818567744635921
607	0.9997306996410172	0.00026491133905327254	0.20148387138282536	-0.00026491133905327254	0.9997306996410172	0.28232650188605013
608	0.9999329707467548	0.0003080372255209451	0.03941812864704907	-0.0003080372255209451	0.9999329707467548	0.26150627413437866
609	1.0001161135370291	0.000747345140177523	-0.11686818134118021	-0.000747345140177523	1.0001161135370291	0.6247316484474574
610	1.000089658966923	0.0005231836708465399	-0.017184011803554666	-0.0005231836708465399	1.000089658966923	0.43750146104808496
611	1.0002928597437841	0.001177865242097568	-0.3454019333190136	-0.001177865242097568	1.0002928597437841	0.9826766285260984
612	1.0001330003907432	0.0003065913035728954	-0.0925275629113296	-0.0003065913035728954	1.0001330003907432	0.24541594515618992
613	1.0001915029199124	0.00014029842886265946	-0.2183917812704791	-0.00014029842886265946	1.0001915029199124	0.05449586192197628
614	1.0002057566489875	0.00029417676877364874	-0.13698933518779208	-0.00029417676877364874	1.0002057566489875	0.1413321788742259
615	1.0003083478444774	0.00042863490488818413	-0.22931881507352408	-0.00042863490488818413	1.0003083478444774	0.2311430312656422
616	1.000316500713508	0.00045131978515361296	-0.23744882678958987	-0.00045131978515361296	1.000316500713508	0.28205713591598564
617	1.0003226022876819	0.0005518926139848524	-0.23331455394758324	-0.0005518926139848524	1.0003226022876819	0.3654126729803237
618	1.0002630516840847	0.0002903870385289565	-0.22898828310704325	-0.0002903870385289565	1.0002630516840847	0.1966201927981003
619	1.000186055052999	0.0005613937912454169	-0.06843239117705391	-0.0005613937912454169	1.000186055052999	0.42458157666152535
620	1.0001486350463835	0.00040982938544471413	0.025560210000412205	-0.00040982938544471413	1.0001486350463835	0.2985801891682121
621	1.0001111537537173	0.00044043387919821516	0.06638526965120711	-0.00044043387919821516	1.0001111537537173	0.344926747080535
622	0.9999569258925928	0.00044639090351958344	0.2044046356530214	-0.00044639090351958344	0.9999569258925928	0.41472482317796117
623	0.9997542592212637	0.0003029917602083334	0.31200093576035764	-0.0003029917602083334	0.9997542592212637	0.2920273791702381
624	0.9999066310416634	0.00034251902750192945	0.2732031499084657	-0.00034251902750192945	0.9999066310416634	0.30976040635125535
625	1.000015429206662	0.00046215298035662115	0.15270662338430133	-0.00046215298035662115	1.000015429206662	0.3909078401896089
626	0.9999074940532405	0.0005981340225203282	0.2087402258604798	-0.0005981340225203282	0.9999074940532405	0.5284856980010333
627	0.9998598419292446	0.0005403930172057168	0.2378006831436565	-0.0005403930172057168	0.9998598419292446	0.45949047947387794
628	0.9996154457431866	0.00019562818517853325	0.5002951674375619	-0.00019562818517853325	0.9996154457431866	0.1541033088494278
629	0.9998516873071821	0.0004464636021151283	0.26903120322384527	-0.0004464636021151283	0.9998516873071821	0.32316809672903535
630	0.9998343357310775	0.0005229760814489216	0.26002327564061933	-0.0005229760814489216	0.9998343357310775	0.3958984439167989
631	0.9999199287821531	0.0013155317026823147	0.035675167959956296	-0.0013155317026823147	0.9999199287821531	1.088609792957082
632	0.9999076821338836	0.0001529275735223898	0.2285545617806747	-0.0001529275735223898	0.9999076821338836	0.10127342287082873
633	0.9998154501171235	0.0002552686675981872	0.33529398570566704	-0.0002552686675981872	0.9998154501171235	0.07544396726251708
634	0.9996771958927823	0.000212189024298992	0.37459751619238246	-0.000212189024298992	0.9996771958927823	0.17136275212622507
635	0.999680098930122	0.00048290774209994294	0.2953702720419937	-0.00048290774209994294	0.999680098930122	0.40535111459466117
636	0.9998016212979483	0.00039588183916426927	0.13542060015693141	-0.00039588183916426927	0.9998016212979483	0.299763489964947
637	0.9996702059471689	0.000279190180512387	0.28090964648117855	-0.000279190180512387	0.9996702059471689	0.23099781916344866
638	0.9996956982825587	6.928771959067516e-05	0.28206276096617144	-6.928771959067516e-05	0.9996956982825587	0.09560032480321655
639	0.9997078887558201	7.741383888053397e-05	0.21571881100438184	-7.741383888053397e-05	0.9997078887558201	0.16607330467999304
640	0.9997019161536029	5.77416322340435e-05	0.21494594165020658	-5.77416322340435e-05	0.9997019161536029	0.14765707966310251
641	0.9997540419182097	0.000141735777460607	0.18530133385143516	-0.000141735777460607	0.9997540419182097	0.21573501057231423
642	0.999687963125133	-6.179742758819923e-05	0.30439217925531004	6.179742758819923e-05	0.999687963125133	0.05761326512770501
643	0.9999912598059977	-2.263628866780226e-06	0.15883122152642418	2.263628866780226e-06	0.9999912598059977	0.09769160847292671
644	0.99974239996276	-9.809511762782919e-05	0.22168245859940622	9.809511762782919e-05	0.99974239996276	-0.00492769046677889
645	0.9997629532593685	-4.379784917927327e-05	0.24992289777507115	4.379784917927327e-05	0.9997629532593685	0.010294626259319761
646	0.9998167394809507	6.428422647388946e-05	0.23353136065246916	-6.428422647388946e-05	0.9998167394809507	0.10258988707197184
647	0.9999212052717317	3.2670758256673323e-06	0.1645266428395704	-3.2670758256673323e-06	0.9999212052717317	-0.017608089485192074
648	0.9997876006050838	-0.0004980030282402538	0.3703159575045174	0.0004980030282402538	0.9997876006050838	-0.3690191166725114
649	0.9997463816701972	-0.00013354168578348272	0.17664047670168445	0.00013354168578348272	0.9997463816701972	-0.049570392664571736
650	0.9997059118505957	-0.0003377164463051627	0.2496070733484116	0.0003377164463051627	0.9997059118505957	-0.27004140639756696
651	0.9998185195368172	-0.00027382886839781193	0.17901580009226067	0.00027382886839781193	0.9998185195368172	-0.22927006329434868
652	0.9998023294488323	-0.0002114943717064344	0.1556442929792144	0.0002114943717064344	0.9998023294488323	-0.1796505181154222
653	0.9997726446455472	-0.00027815948591179256	0.3373832809434944	0.00027815948591179256	0.9997726446455472	-0.26902542498399484
654	0.9999666227200411	-0.00030514063911974765	0.13493318721736763	0.00030514063911974765	0.9999666227200411	-0.32021841964222336
655	0.9999688157629002	-0.0003120621612746826	0.10038313638187661	0.0003120621612746826	0.9999688157629002	-0.3005585770965542
656	0.9997484242768023	-6.041430046613512e-05	0.25193366356661073	6.041430046613512e-05	0.9997484242768023	-0.040932970137352004
657	0.9997651016511581	-8.608251281929123e-05	0.19889020076853287	8.608251281929123e-05	0.9997651016511581	-0.03351528008180514
658	0.9997430941768056	-0.00019682090451487132	0.2946600502979402	0.00019682090451487132	0.9997430941768056	-0.08794278198970917
659	0.999910458187546	-0.0002237678515344075	0.11406842905041839	0.0002237678515344075	0.999910458187546	-0.15191972064567458
660	0.9998798926593964	-0.00018087824597631447	0.14685577981841538	0.00018087824597631447	0.9998798926593964	-0.10607717260107014
661	0.9998352428063202	-4.655283604858359e-05	0.1873112764020583	4.655283604858359e-05	0.9998352428063202	-0.02489132354213744
662	0.9997691826831516	3.4443421239995266e-05	0.20781335550904848	-3.4443421239995266e-05	0.9997691826831516	0.04974592211004383
663	0.9997594790417018	3.455371171819165e-05	0.2456103986309879	-3.455371171819165e-05	0.9997594790417018	0.027285663371381493
664	0.9997290990189582	4.9665239390224406e-05	0.2679914826774632	-4.9665239390224406e-05	0.9997290990189582	0.0663737183786941
665	0.999776763188685	-1.5040526970135868e-06	0.22859301477472022	1.5040526970135868e-06	0.999776763188685	0.024247054417686813
666	0.9995941284960257	8.553299893259605e-05	0.3868546656867006	-8.553299893259605e-05	0.9995941284960257	0.0917787732228579
667	0.9996083661035134	1.134149329068051e-05	0.3864420331196684	-1.134149329068051e-05	0.9996083661035134	0.03773274419504092
668	0.9996565373197813	2.760585928618579e-05	0.32521102615155617	-2.760585928618579e-05	0.9996565373197813	0.044843678721609305
669	0.9999331192019191	-1.4481891735708101e-05	0.12106591500730766	1.4481891735708101e-05	0.9999331192019191	-0.023046466854462405
670	0.9999554473537878	-7.42617295494747e-05	0.12074013766977841	7.42617295494747e-05	0.9999554473537878	-0.058637731608509214
671	0.9999687381370513	-0.00014564986169303098	0.14530790126216708	0.00014564986169303098	0.9999687381370513	-0.13278878431097335
672	0.9998980621631477	-0.00010383541574697082	0.24305812015445002	0.00010383541574697082	0.9998980621631477	-0.09915846537700126
673	0.9994958627089398	-3.8312111320003476e-05	0.6086542981027275	3.8312111320003476e-05	0.9994958627089398	0.016814949785389537
674	0.9995838233043035	-6.191978088269066e-05	0.4373542246137574	6.191978088269066e-05	0.9995838233043035	0.03418210400021512
675	0.9996000468540127	-6.497965147601371e-05	0.43216048133936935	6.497965147601371e-05	0.9996000468540127	0.02975282301645721
676	0.9996065632715404	-2.2787945326276802e-05	0.4349640148181993	2.2787945326276802e-05	0.9996065632715404	0.05352515240520757
677	0.9995971605183861	-2.1971387546743127e-05	0.4462467843781534	2.1971387546743127e-05	0.9995971605183861	0.00923979807926412
678	0.9991640454508948	-8.460639562413337e-05	0.8214293406058215	8.460639562413337e-05	0.9991640454508948	-0.008761176294243
679	0.9995875944173345	2.3717819177939732e-05	0.4720247642226811	-2.3717819177939732e-05	0.9995875944173345	0.007939596665065538
680	0.9996871923732572	-0.00010247801045731018	0.3373355011106859	0.00010247801045731018	0.9996871923732572	-0.05095512395065116
681	0.9998278030407561	-4.39360606730673e-05	0.260380798924366	4.39360606730673e-05	0.9998278030407561	-0.01536162202246153
682	0.9998768371167505	-7.768449647621941e-05	0.2696246226589124	7.768449647621941e-05	0.9998768371167505	-0.016501232923133997
683	0.9996308311616191	-0.0002500931913573538	0.41995242283861367	0.0002500931913573538	0.9996308311616191	-0.13603998483482266
684	0.9998256851492895	-8.381085818236663e-05	0.2885336761638025	8.381085818236663e-05	0.9998256851492895	0.007495026159549187
685	0.999791330007358	-6.219202907123722e-05	0.3175895203002412	6.219202907123722e-05	0.999791330007358	0.02791867100353348
686	0.9998576139358712	6.598177793270484e-05	0.25391748824786603	-6.598177793270484e-05	0.9998576139358712	0.11764750277758175
687	0.9998711744896106	-5.9480053811051094e-05	0.21691360746871283	5.9480053811051094e-05	0.9998711744896106	0.019160417136844216
688	1.0000666853971012	-0.00010888713715104401	0.03695644836813871	0.00010888713715104401	1.0000666853971012	-0.06106152122764912
689	0.9997898292992786	-6.10624438830463e-05	0.20138053323897198	6.10624438830463e-05	0.9997898292992786	-0.04902813115509492
690	0.9997872978860379	-4.78274885192296e-05	0.16343774412246426	4.78274885192296e-05	0.9997872978860379	-0.04512089550637786
691	0.9995807439106495	-6.110145232145767e-05	0.3301732485175526	6.110145232145767e-05	0.9995807439106495	-0.04346246480834637
692	0.9996858549963267	1.1824688862870484e-05	0.22100402702912358	-1.1824688862870484e-05	0.9996858549963267	-0.0076149142119572525
693	1.000273545379929	-0.0001721276740581576	-0.198871581266213	0.0001721276740581576	1.000273545379929	-0.18600370039898312
694	0.9999455951072139	0.0001250500579036531	0.07908267228428613	-0.0001250500579036531	0.9999455951072139	0.031115589463033173
695	1.0000270804606604	8.346683643844577e-05	-0.005939090245126621	-8.346683643844577e-05	1.0000270804606604	0.020628578550345722
696	1.0000515433741546	4.661284560708873e-05	-0.008907312581832492	-4.661284560708873e-05	1.0000515433741546	-0.0042020425476807614
697	1.000128747811512	-6.832494521522223e-05	-0.026948197461841756	6.832494521522223e-05	1.000128747811512	-0.07574261440276707
698	0.999975025158059	-2.24487465445812e-05	0.013924966627711342	2.24487465445812e-05	0.999975025158059	-0.004979816782365693
699	0.9999791283300862	-3.0123712300409176e-05	0.016766412034073867	3.0123712300409176e-05	0.9999791283300862	0.0004012583394819441
