0	1.0	0.0	0.0	0.0	1.0	0.0
1	1.0	-0.0	0.0	0.0	1.0	0.0
2	1.0000077926024136	-1.0758085905721746e-05	-0.04537988298992105	1.0758085905721746e-05	1.0000077926024136	0.01861266701336188
3	1.0000094532506845	-2.5685188431581362e-05	-0.038624465473541085	2.5685188431581362e-05	1.0000094532506845	-0.0065646582931469105
4	1.0000004715891526	-4.5169820606300645e-07	-0.0008663084133956819	4.5169820606300645e-07	1.0000004715891526	-0.0004334597406705186
5	1.0000574037172785	-1.0503258458968368e-05	-0.0816501383319793	1.0503258458968368e-05	1.0000574037172785	-0.012122048391377377
6	0.9999750885067064	-6.106294602133405e-07	-0.009014301628250137	6.106294602133405e-07	0.9999750885067064	0.024989911246502287
7	0.9999581027248547	2.2433743787675173e-06	0.03423070963661127	-2.2433743787675173e-06	0.9999581027248547	-0.023123591370976266
8	0.9999567633866479	-1.5022831410652882e-06	0.029883336974450267	1.5022831410652882e-06	0.9999567633866479	0.0064450640838370765
9	1.0000015608425297	-1.980175611717691e-06	-0.0011088719416091557	1.980175611717691e-06	1.0000015608425297	-0.0025499489751537943
